2026-05-13 12:12:08,RPD,0,Cmd302,0,0,0,0,0,0,0,0,0,0
2026-05-13 12:16:09,PLC,0,Cmd421,22,20,16386,0,0,0,0,2002,1,82
2026-05-13 12:16:14,PLC,0,Cmd413,0,0,0,0,0,0,0,0,0,0
2026-05-13 12:19:47,PLC,0,Cmd405,10004,0,0,0,0,0,0,0,0,0
2026-05-13 13:23:22,PLC,0,Cmd421,26,106,53248,34,136,0,0,2001,1,42
2026-05-13 13:23:35,PLC,0,Cmd413,0,0,0,0,0,0,0,0,0,0
2026-05-13 13:25:30,PLC,0,Cmd405,10004,0,0,0,0,0,0,0,0,0
2026-05-13 13:29:01,PLC,0,Cmd421,22,106,16385,0,0,0,0,2001,1,122
2026-05-13 13:29:05,PLC,0,Cmd413,0,0,0,0,0,0,0,0,0,0
2026-05-13 13:32:39,PLC,0,Cmd405,10004,0,0,0,0,0,0,0,0,0
2026-05-13 14:08:24,PLC,0,Cmd421,22,29,16386,0,0,0,0,2002,1,206
2026-05-13 14:08:37,PLC,0,Cmd413,0,0,0,0,0,0,0,0,0,0
2026-05-13 14:12:11,PLC,0,Cmd405,10004,0,0,0,0,0,0,0,0,0
2026-05-13 15:17:33,PLC,0,Cmd421,22,13,16448,0,0,0,0,2001,1,105
2026-05-13 15:17:46,PLC,0,Cmd413,0,0,0,0,0,0,0,0,0,0
2026-05-13 15:21:20,PLC,0,Cmd405,10004,0,0,0,0,0,0,0,0,0
2026-05-13 15:42:20,PLC,0,Cmd421,22,20,16386,0,0,0,0,2001,1,126
2026-05-13 15:42:32,PLC,0,Cmd413,0,0,0,0,0,0,0,0,0,0
2026-05-13 15:46:06,PLC,0,Cmd405,10004,0,0,0,0,0,0,0,0,0
2026-05-13 15:50:32,PLC,0,Cmd421,56,69,49152,1531,251,0,0,2002,1,157
2026-05-13 15:50:45,PLC,0,Cmd413,0,0,0,0,0,0,0,0,0,0
2026-05-13 15:52:52,PLC,0,Cmd405,10004,0,0,0,0,0,0,0,0,0
2026-05-13 15:57:01,PLC,0,Cmd421,50,69,24578,0,0,0,0,2002,1,158
2026-05-13 15:57:05,PLC,0,Cmd413,0,0,0,0,0,0,0,0,0,0
2026-05-13 15:57:49,PLC,0,Cmd421,51,69,24578,0,0,0,0,2002,1,158
2026-05-13 15:57:53,PLC,0,Cmd413,0,0,0,0,0,0,0,0,0,0
2026-05-13 16:00:18,PLC,0,Cmd405,10004,0,0,0,0,0,0,0,0,0
2026-05-13 16:29:31,PLC,0,Cmd421,26,62,49152,32,648,0,0,2001,1,201
2026-05-13 16:29:44,PLC,0,Cmd413,0,0,0,0,0,0,0,0,0,0
2026-05-13 16:31:42,PLC,0,Cmd405,10004,0,0,0,0,0,0,0,0,0
2026-05-13 16:36:23,PLC,0,Cmd421,56,145,49152,1535,255,0,0,2002,1,45
2026-05-13 16:36:35,PLC,0,Cmd413,0,0,0,0,0,0,0,0,0,0
2026-05-13 16:38:42,PLC,0,Cmd405,10004,0,0,0,0,0,0,0,0,0
2026-05-13 16:50:10,PLC,0,Cmd101,0,0,0,0,0,0,0,0,0,0
2026-05-13 17:26:11,PLC,0,Cmd421,26,145,49152,52,650,0,0,2001,1,192
2026-05-13 17:26:23,PLC,0,Cmd413,0,0,0,0,0,0,0,0,0,0
2026-05-13 17:28:31,PLC,0,Cmd405,10004,0,0,0,0,0,0,0,0,0
2026-05-13 17:32:01,PLC,0,Cmd421,22,145,16448,0,0,0,0,2001,1,56
2026-05-13 17:32:05,PLC,0,Cmd413,0,0,0,0,0,0,0,0,0,0
2026-05-13 17:35:39,PLC,0,Cmd405,10004,0,0,0,0,0,0,0,0,0
2026-05-13 18:14:56,PLC,0,Cmd421,50,145,24578,0,0,0,0,2001,1,204
2026-05-13 18:15:08,PLC,0,Cmd413,0,0,0,0,0,0,0,0,0,0
2026-05-13 18:15:52,PLC,0,Cmd421,51,145,24578,0,0,0,0,2001,1,204
2026-05-13 18:15:56,PLC,0,Cmd413,0,0,0,0,0,0,0,0,0,0
2026-05-13 18:18:21,PLC,0,Cmd405,10004,0,0,0,0,0,0,0,0,0
2026-05-13 18:59:39,PLC,0,Cmd421,50,20,24578,0,0,0,0,2001,1,233
2026-05-13 18:59:52,PLC,0,Cmd413,0,0,0,0,0,0,0,0,0,0
2026-05-13 19:00:36,PLC,0,Cmd421,51,20,24578,0,0,0,0,2001,1,233
2026-05-13 19:00:40,PLC,0,Cmd413,0,0,0,0,0,0,0,0,0,0
2026-05-13 19:03:05,PLC,0,Cmd405,10004,0,0,0,0,0,0,0,0,0
2026-05-13 19:45:48,PLC,0,Cmd421,50,53,24578,0,0,0,0,2001,1,168
2026-05-13 19:46:00,PLC,0,Cmd413,0,0,0,0,0,0,0,0,0,0
2026-05-13 19:46:44,PLC,0,Cmd421,51,53,24578,0,0,0,0,2001,1,168
2026-05-13 19:46:48,PLC,0,Cmd413,0,0,0,0,0,0,0,0,0,0
2026-05-13 19:49:13,PLC,0,Cmd405,10004,0,0,0,0,0,0,0,0,0
2026-05-13 19:49:56,PLC,0,Cmd421,56,53,49152,1535,255,0,0,2001,1,164
2026-05-13 19:50:00,PLC,0,Cmd413,0,0,0,0,0,0,0,0,0,0
2026-05-13 19:52:06,PLC,0,Cmd405,10004,0,0,0,0,0,0,0,0,0
2026-05-13 19:55:10,PLC,0,Cmd102,0,0,0,0,0,0,0,0,0,0
2026-05-13 19:55:11,PLC,0,Cmd111,0,0,0,0,0,0,0,0,0,0
2026-05-13 19:55:11,PLC,0,Cmd303,0,0,0,0,0,0,0,0,0,0
2026-05-13 19:55:12,PLC,0,Cmd140,0,0,0,0,0,0,0,0,0,0
2026-05-13 19:57:15,PLC,0,Cmd141,0,0,0,0,0,0,0,0,0,0
2026-05-13 19:57:16,PLC,0,Cmd106,0,0,0,0,0,0,0,0,0,0
2026-05-13 19:57:17,PLC,0,Cmd1,0,0,0,0,0,0,0,0,0,0
2026-05-13 19:57:18,PLC,0,Cmd101,0,0,0,0,0,0,0,0,0,0
2026-05-13 19:57:19,PLC,0,Cmd101,0,0,0,0,0,0,0,0,0,0
2026-05-13 19:57:20,PLC,0,Cmd302,0,0,0,0,0,0,0,0,0,0
2026-05-13 19:57:20,PLC,0,Cmd101,0,0,0,0,0,0,0,0,0,0
2026-05-13 19:57:22,PLC,0,Cmd107,0,0,0,0,0,0,0,0,0,0
2026-05-13 19:57:22,RPD,0,Cmd302,0,0,0,0,0,0,0,0,0,0
2026-05-13 20:06:15,PLC,0,Cmd111,0,0,0,0,0,0,0,0,0,0
2026-05-13 20:06:15,PLC,0,Cmd303,0,0,0,0,0,0,0,0,0,0
2026-05-13 20:06:16,PLC,0,Cmd140,0,0,0,0,0,0,0,0,0,0
2026-05-13 20:07:51,PLC,0,Cmd141,0,0,0,0,0,0,0,0,0,0
2026-05-13 20:07:52,PLC,0,Cmd106,0,0,0,0,0,0,0,0,0,0
2026-05-13 20:07:53,PLC,0,Cmd101,0,0,0,0,0,0,0,0,0,0
2026-05-13 20:07:54,PLC,0,Cmd1,0,0,0,0,0,0,0,0,0,0
2026-05-13 20:07:55,PLC,0,Cmd302,0,0,0,0,0,0,0,0,0,0
2026-05-13 20:07:56,PLC,0,Cmd101,0,0,0,0,0,0,0,0,0,0
2026-05-13 20:08:28,PLC,0,Cmd107,0,0,0,0,0,0,0,0,0,0
2026-05-13 20:08:28,RPD,0,Cmd302,0,0,0,0,0,0,0,0,0,0
2026-05-13 20:20:29,PLC,0,Cmd421,26,55,49152,1333,650,0,0,2001,1,240
2026-05-13 20:20:42,PLC,0,Cmd413,0,0,0,0,0,0,0,0,0,0
2026-05-13 20:23:25,PLC,0,Cmd405,10004,0,0,0,0,0,0,0,0,0
2026-05-13 20:29:12,PLC,0,Cmd421,22,55,16386,0,0,0,0,2001,1,49
2026-05-13 20:29:16,PLC,0,Cmd413,0,0,0,0,0,0,0,0,0,0
2026-05-13 20:32:50,PLC,0,Cmd405,10004,0,0,0,0,0,0,0,0,0
2026-05-13 20:33:40,PLC,0,Cmd102,0,0,0,0,0,0,0,0,0,0
2026-05-13 20:33:41,PLC,0,Cmd111,0,0,0,0,0,0,0,0,0,0
2026-05-13 20:33:41,PLC,0,Cmd140,0,0,0,0,0,0,0,0,0,0
2026-05-13 20:38:52,PLC,0,Cmd141,0,0,0,0,0,0,0,0,0,0
2026-05-13 20:38:52,PLC,0,Cmd106,0,0,0,0,0,0,0,0,0,0
2026-05-13 20:38:53,PLC,0,Cmd1,0,0,0,0,0,0,0,0,0,0
2026-05-13 20:38:54,PLC,0,Cmd302,0,0,0,0,0,0,0,0,0,0
2026-05-13 20:38:55,PLC,0,Cmd101,0,0,0,0,0,0,0,0,0,0
2026-05-13 20:38:57,PLC,0,Cmd107,0,0,0,0,0,0,0,0,0,0
2026-05-13 20:38:57,RPD,0,Cmd302,0,0,0,0,0,0,0,0,0,0
2026-05-13 20:49:38,PLC,0,Cmd421,22,10,16386,0,0,0,0,2002,1,150
2026-05-13 20:49:50,PLC,0,Cmd413,0,0,0,0,0,0,0,0,0,0
2026-05-13 20:53:25,PLC,0,Cmd405,10004,0,0,0,0,0,0,0,0,0
2026-05-13 21:04:03,PLC,0,Cmd421,50,68,24578,0,0,0,0,2001,1,158
2026-05-13 21:04:16,PLC,0,Cmd413,0,0,0,0,0,0,0,0,0,0
2026-05-13 21:04:59,PLC,0,Cmd421,51,68,24578,0,0,0,0,2001,1,158
2026-05-13 21:05:03,PLC,0,Cmd413,0,0,0,0,0,0,0,0,0,0
2026-05-13 21:07:28,PLC,0,Cmd405,10004,0,0,0,0,0,0,0,0,0
2026-05-13 21:08:32,PLC,0,Cmd421,26,67,49152,32,648,0,0,2003,1,169
2026-05-13 21:08:45,PLC,0,Cmd413,0,0,0,0,0,0,0,0,0,0
2026-05-13 21:10:44,PLC,0,Cmd405,10004,0,0,0,0,0,0,0,0,0
2026-05-13 21:17:25,PLC,0,Cmd421,56,11,49152,1535,255,0,0,2002,1,110
2026-05-13 21:17:38,PLC,0,Cmd413,0,0,0,0,0,0,0,0,0,0
2026-05-13 21:19:51,PLC,0,Cmd405,10004,0,0,0,0,0,0,0,0,0
2026-05-13 21:24:53,PLC,0,Cmd421,50,11,24578,0,0,0,0,2002,1,96
2026-05-13 21:24:57,PLC,0,Cmd413,0,0,0,0,0,0,0,0,0,0
2026-05-13 21:25:41,PLC,0,Cmd421,51,11,24578,0,0,0,0,2002,1,96
2026-05-13 21:25:45,PLC,0,Cmd413,0,0,0,0,0,0,0,0,0,0
2026-05-13 21:28:10,PLC,0,Cmd405,10004,0,0,0,0,0,0,0,0,0
2026-05-13 21:28:53,PLC,0,Cmd421,26,20,49152,309,652,0,0,2001,1,197
2026-05-13 21:29:09,PLC,0,Cmd413,0,0,0,0,0,0,0,0,0,0
2026-05-13 21:31:30,PLC,0,Cmd405,10004,0,0,0,0,0,0,0,0,0
2026-05-13 21:33:43,PLC,0,Cmd421,22,20,16386,0,0,0,0,2001,1,133
2026-05-13 21:33:47,PLC,0,Cmd413,0,0,0,0,0,0,0,0,0,0
2026-05-13 21:37:22,PLC,0,Cmd405,10004,0,0,0,0,0,0,0,0,0
2026-05-13 21:48:10,PLC,0,Cmd421,26,53,49152,1313,648,0,0,2002,1,253
2026-05-13 21:48:23,PLC,0,Cmd413,0,0,0,0,0,0,0,0,0,0
2026-05-13 21:50:55,PLC,0,Cmd405,10004,0,0,0,0,0,0,0,0,0
2026-05-13 22:34:51,PLC,0,Cmd102,0,0,0,0,0,0,0,0,0,0
2026-05-13 22:40:37,PLC,0,Cmd101,0,0,0,0,0,0,0,0,0,0
2026-05-13 22:40:38,PLC,0,Cmd101,0,0,0,0,0,0,0,0,0,0
2026-05-13 22:40:40,PLC,0,Cmd107,0,0,0,0,0,0,0,0,0,0
2026-05-13 22:40:40,RPD,0,Cmd302,0,0,0,0,0,0,0,0,0,0
2026-05-13 22:43:51,PLC,0,Cmd421,26,68,49152,1024,8,0,0,2001,1,101
2026-05-13 22:44:03,PLC,0,Cmd413,0,0,0,0,0,0,0,0,0,0
2026-05-13 22:45:34,PLC,0,Cmd405,10004,0,0,0,0,0,0,0,0,0
2026-05-13 22:53:50,PLC,0,Cmd421,50,9,28674,0,0,0,0,2002,1,160
2026-05-13 22:53:52,PLC,0,Cmd303,0,0,0,0,0,0,0,0,0,0
2026-05-13 22:54:01,PLC,0,Cmd140,0,0,0,0,0,0,0,0,0,0
2026-05-13 22:54:12,PLC,0,Cmd141,0,0,0,0,0,0,0,0,0,0
2026-05-13 22:54:13,PLC,0,Cmd106,0,0,0,0,0,0,0,0,0,0
2026-05-13 22:54:14,PLC,0,Cmd1,0,0,0,0,0,0,0,0,0,0
2026-05-13 22:54:15,PLC,0,Cmd101,0,0,0,0,0,0,0,0,0,0
2026-05-13 22:54:17,PLC,0,Cmd101,0,0,0,0,0,0,0,0,0,0
2026-05-13 22:54:23,PLC,0,Cmd302,0,0,0,0,0,0,0,0,0,0
2026-05-13 22:54:24,PLC,0,Cmd101,0,0,0,0,0,0,0,0,0,0
2026-05-13 22:54:27,PLC,0,Cmd101,0,0,0,0,0,0,0,0,0,0
2026-05-13 22:54:29,PLC,0,Cmd101,0,0,0,0,0,0,0,0,0,0
2026-05-13 22:54:32,PLC,0,Cmd101,0,0,0,0,0,0,0,0,0,0
2026-05-13 22:54:35,PLC,0,Cmd101,0,0,0,0,0,0,0,0,0,0
2026-05-13 22:54:39,PLC,0,Cmd101,0,0,0,0,0,0,0,0,0,0
2026-05-13 22:54:43,PLC,0,Cmd101,0,0,0,0,0,0,0,0,0,0
2026-05-13 22:54:45,PLC,0,Cmd303,0,0,0,0,0,0,0,0,0,0
2026-05-13 22:54:49,PLC,0,Cmd140,0,0,0,0,0,0,0,0,0,0
2026-05-13 22:54:50,PLC,0,Cmd141,0,0,0,0,0,0,0,0,0,0
2026-05-13 22:54:50,PLC,0,Cmd106,0,0,0,0,0,0,0,0,0,0
2026-05-13 22:54:51,PLC,0,Cmd101,0,0,0,0,0,0,0,0,0,0
2026-05-13 22:54:52,PLC,0,Cmd1,0,0,0,0,0,0,0,0,0,0
2026-05-13 22:54:53,PLC,0,Cmd101,0,0,0,0,0,0,0,0,0,0
2026-05-13 22:54:54,PLC,0,Cmd101,0,0,0,0,0,0,0,0,0,0
2026-05-13 22:54:59,PLC,0,Cmd302,0,0,0,0,0,0,0,0,0,0
2026-05-13 22:55:02,PLC,0,Cmd101,0,0,0,0,0,0,0,0,0,0
2026-05-13 22:55:04,PLC,0,Cmd101,0,0,0,0,0,0,0,0,0,0
2026-05-13 22:55:20,PLC,0,Cmd303,0,0,0,0,0,0,0,0,0,0
2026-05-13 22:55:20,PLC,0,Cmd102,0,0,0,0,0,0,0,0,0,0
2026-05-13 22:55:21,PLC,0,Cmd2,0,0,0,0,0,0,0,0,0,0
2026-05-13 22:56:00,RA2,0,Cmd107,2,0,0,0,0,0,0,0,0,0
2026-05-13 22:56:00,RPD,0,Cmd400,10001,0,0,0,0,0,0,0,0,0
2026-05-13 22:56:19,PLC,0,Cmd101,0,0,0,0,0,0,0,0,0,0
2026-05-13 22:56:26,PLC,0,Cmd1,0,0,0,0,0,0,0,0,0,0
2026-05-13 22:56:29,PLC,0,Cmd303,0,0,0,0,0,0,0,0,0,0
2026-05-13 22:56:30,PLC,0,Cmd102,0,0,0,0,0,0,0,0,0,0
2026-05-13 22:56:31,PLC,0,Cmd101,0,0,0,0,0,0,0,0,0,0
2026-05-13 22:56:31,PLC,0,Cmd302,0,0,0,0,0,0,0,0,0,0
2026-05-13 22:56:32,PLC,0,Cmd203,0,0,0,0,0,0,0,0,0,0
2026-05-13 22:56:33,PLC,0,Cmd107,0,0,0,0,0,0,0,0,0,0
2026-05-13 22:56:33,RPD,0,Cmd302,0,0,0,0,0,0,0,0,0,0
2026-05-13 22:56:54,PLC,0,Cmd101,0,0,0,0,0,0,0,0,0,0
2026-05-13 22:58:36,PLC,0,Cmd107,1,0,0,0,0,0,0,0,0,0
2026-05-13 22:58:36,RPD,0,Cmd302,0,0,0,0,0,0,0,0,0,0
2026-05-13 22:58:56,PLC,0,Cmd421,50,9,28674,0,0,0,0,2002,1,160
2026-05-13 22:59:10,PLC,0,Cmd102,0,0,0,0,0,0,0,0,0,0
2026-05-13 22:59:21,PLC,0,Cmd101,0,0,0,0,0,0,0,0,0,0
2026-05-13 22:59:22,PLC,0,Cmd101,0,0,0,0,0,0,0,0,0,0
2026-05-13 22:59:25,PLC,0,Cmd101,0,0,0,0,0,0,0,0,0,0
2026-05-13 22:59:26,PLC,0,Cmd101,0,0,0,0,0,0,0,0,0,0
2026-05-13 22:59:28,PLC,0,Cmd101,0,0,0,0,0,0,0,0,0,0
2026-05-13 22:59:30,PLC,0,Cmd101,0,0,0,0,0,0,0,0,0,0
2026-05-13 22:59:33,PLC,0,Cmd101,0,0,0,0,0,0,0,0,0,0
2026-05-13 22:59:35,PLC,0,Cmd101,0,0,0,0,0,0,0,0,0,0
2026-05-13 22:59:58,PLC,0,Cmd101,0,0,0,0,0,0,0,0,0,0
2026-05-13 23:00:00,PLC,0,Cmd101,0,0,0,0,0,0,0,0,0,0
2026-05-13 23:00:22,PLC,0,Cmd107,1,0,0,0,0,0,0,0,0,0
2026-05-13 23:00:22,RPD,0,Cmd302,0,0,0,0,0,0,0,0,0,0
2026-05-13 23:00:22,PLC,0,Cmd102,0,0,0,0,0,0,0,0,0,0
2026-05-13 23:00:24,PLC,0,Cmd101,0,0,0,0,0,0,0,0,0,0
2026-05-13 23:00:25,PLC,0,Cmd203,0,0,0,0,0,0,0,0,0,0
2026-05-13 23:00:26,PLC,0,Cmd107,0,0,0,0,0,0,0,0,0,0
2026-05-13 23:00:26,RPD,0,Cmd302,0,0,0,0,0,0,0,0,0,0
2026-05-13 23:00:27,PLC,0,Cmd102,0,0,0,0,0,0,0,0,0,0
2026-05-13 23:00:32,PLC,0,Cmd111,0,0,0,0,0,0,0,0,0,0
2026-05-13 23:00:33,PLC,0,Cmd303,0,0,0,0,0,0,0,0,0,0
2026-05-13 23:00:33,PLC,0,Cmd102,0,0,0,0,0,0,0,0,0,0
2026-05-13 23:00:34,PLC,0,Cmd2,0,0,0,0,0,0,0,0,0,0
2026-05-13 23:02:01,RA2,0,Cmd103,0,0,0,0,0,0,0,0,0,0
2026-05-13 23:02:06,RA2,0,Cmd401,0,1,1,0,0,0,0,0,0,0
2026-05-13 23:02:06,RPD,0,Cmd422,0,999,0,0,0,1,1,0,1,0
2026-05-13 23:03:11,RA2,0,Cmd401,0,1,1,0,0,0,0,0,0,0
2026-05-13 23:03:11,RPD,0,Cmd422,0,999,0,0,0,1,1,0,1,0
2026-05-13 23:03:14,RA2,0,Cmd401,0,1,2,0,0,0,0,0,0,0
2026-05-13 23:03:14,RPD,0,Cmd422,0,999,0,0,0,1,2,0,1,0
2026-05-13 23:03:16,RA2,0,Cmd401,0,1,3,0,0,0,0,0,0,0
2026-05-13 23:03:16,RPD,-1,Cmd422,0,999,0,0,0,1,3,0,1,0
2026-05-13 23:03:34,PLC,0,Cmd101,0,0,0,0,0,0,0,0,0,0
2026-05-13 23:03:48,PLC,0,Cmd1,0,0,0,0,0,0,0,0,0,0
2026-05-13 23:03:53,PLC,0,Cmd302,0,0,0,0,0,0,0,0,0,0
2026-05-13 23:03:56,PLC,0,Cmd101,0,0,0,0,0,0,0,0,0,0
2026-05-13 23:03:57,PLC,0,Cmd101,0,0,0,0,0,0,0,0,0,0
2026-05-13 23:04:07,PLC,0,Cmd421,50,9,28674,0,0,0,0,2002,1,160
2026-05-13 23:04:12,PLC,0,Cmd102,0,0,0,0,0,0,0,0,0,0
2026-05-13 23:04:50,PLC,0,Cmd101,0,0,0,0,0,0,0,0,0,0
2026-05-13 23:04:52,PLC,0,Cmd101,0,0,0,0,0,0,0,0,0,0
2026-05-13 23:04:53,PLC,0,Cmd101,0,0,0,0,0,0,0,0,0,0
2026-05-13 23:04:54,PLC,0,Cmd101,0,0,0,0,0,0,0,0,0,0
2026-05-13 23:05:04,PLC,0,Cmd303,0,0,0,0,0,0,0,0,0,0
2026-05-13 23:05:05,PLC,0,Cmd302,0,0,0,0,0,0,0,0,0,0
2026-05-13 23:05:06,PLC,0,Cmd101,0,0,0,0,0,0,0,0,0,0
2026-05-13 23:05:13,PLC,0,Cmd111,0,0,0,0,0,0,0,0,0,0
2026-05-13 23:05:13,PLC,0,Cmd303,0,0,0,0,0,0,0,0,0,0
2026-05-13 23:05:14,PLC,0,Cmd102,0,0,0,0,0,0,0,0,0,0
2026-05-13 23:05:14,PLC,0,Cmd2,0,0,0,0,0,0,0,0,0,0
2026-05-13 23:06:07,RA2,0,Cmd107,2,0,0,0,0,0,0,0,0,0
2026-05-13 23:06:07,RPD,0,Cmd400,10001,0,0,0,0,0,0,0,0,0
2026-05-13 23:06:15,RA2,0,Cmd416,0,0,0,0,0,0,0,0,0,0
2026-05-13 23:06:33,RA2,0,Cmd401,0,1,1,0,0,0,0,0,0,0
2026-05-13 23:06:33,RPD,0,Cmd422,0,999,0,0,0,1,1,0,1,0
2026-05-13 23:06:36,RA2,0,Cmd401,0,1,3,0,0,0,0,0,0,0
2026-05-13 23:06:36,RPD,0,Cmd422,0,999,0,0,0,1,3,0,1,0
2026-05-13 23:07:05,PLC,0,Cmd101,0,0,0,0,0,0,0,0,0,0
2026-05-13 23:07:06,PLC,0,Cmd101,0,0,0,0,0,0,0,0,0,0
2026-05-13 23:07:40,PLC,0,Cmd101,0,0,0,0,0,0,0,0,0,0
2026-05-13 23:10:27,PLC,0,Cmd1,0,0,0,0,0,0,0,0,0,0
2026-05-13 23:10:30,PLC,0,Cmd101,0,0,0,0,0,0,0,0,0,0
2026-05-13 23:11:33,PLC,0,Cmd303,0,0,0,0,0,0,0,0,0,0
2026-05-13 23:11:34,PLC,0,Cmd102,0,0,0,0,0,0,0,0,0,0
2026-05-13 23:11:34,PLC,0,Cmd302,0,0,0,0,0,0,0,0,0,0
2026-05-13 23:11:35,PLC,0,Cmd101,0,0,0,0,0,0,0,0,0,0
2026-05-13 23:11:36,PLC,0,Cmd107,0,0,0,0,0,0,0,0,0,0
2026-05-13 23:11:36,RPD,0,Cmd302,0,0,0,0,0,0,0,0,0,0
2026-05-13 23:14:04,PLC,0,Cmd107,1,0,0,0,0,0,0,0,0,0
2026-05-13 23:14:04,RPD,0,Cmd302,0,0,0,0,0,0,0,0,0,0
2026-05-13 23:14:08,PLC,0,Cmd101,0,0,0,0,0,0,0,0,0,0
2026-05-13 23:14:21,PLC,0,Cmd421,56,25,49152,1535,255,0,0,2003,1,46
2026-05-13 23:14:34,PLC,0,Cmd413,0,0,0,0,0,0,0,0,0,0
2026-05-13 23:16:40,PLC,0,Cmd303,0,0,0,0,0,0,0,0,0,0
2026-05-13 23:16:41,PLC,0,Cmd302,0,0,0,0,0,0,0,0,0,0
2026-05-13 23:16:41,PLC,0,Cmd101,0,0,0,0,0,0,0,0,0,0
2026-05-13 23:18:09,PLC,0,Cmd421,50,25,24578,0,0,0,0,2003,1,223
2026-05-13 23:18:13,PLC,0,Cmd413,0,0,0,0,0,0,0,0,0,0
2026-05-13 23:18:57,PLC,0,Cmd421,51,25,24578,0,0,0,0,2003,1,223
2026-05-13 23:19:02,PLC,0,Cmd413,0,0,0,0,0,0,0,0,0,0
2026-05-13 23:21:27,PLC,0,Cmd405,10004,0,0,0,0,0,0,0,0,0
2026-05-13 23:23:24,PLC,0,Cmd102,0,0,0,0,0,0,0,0,0,0
2026-05-13 23:23:25,PLC,0,Cmd111,0,0,0,0,0,0,0,0,0,0
2026-05-13 23:23:25,PLC,0,Cmd303,0,0,0,0,0,0,0,0,0,0
2026-05-13 23:23:26,PLC,0,Cmd140,0,0,0,0,0,0,0,0,0,0
2026-05-13 23:27:01,PLC,0,Cmd141,0,0,0,0,0,0,0,0,0,0
2026-05-13 23:27:02,PLC,0,Cmd101,0,0,0,0,0,0,0,0,0,0
2026-05-13 23:27:03,PLC,0,Cmd106,0,0,0,0,0,0,0,0,0,0
2026-05-13 23:27:04,PLC,0,Cmd1,0,0,0,0,0,0,0,0,0,0
2026-05-13 23:27:04,PLC,0,Cmd101,0,0,0,0,0,0,0,0,0,0
2026-05-13 23:27:05,PLC,0,Cmd302,0,0,0,0,0,0,0,0,0,0
2026-05-13 23:27:07,PLC,0,Cmd107,0,0,0,0,0,0,0,0,0,0
2026-05-13 23:27:07,RPD,0,Cmd302,0,0,0,0,0,0,0,0,0,0
2026-05-13 23:31:36,PLC,0,Cmd421,22,11,16448,0,0,0,0,2001,1,245
2026-05-13 23:31:49,PLC,0,Cmd413,0,0,0,0,0,0,0,0,0,0
2026-05-13 23:35:23,PLC,0,Cmd405,10004,0,0,0,0,0,0,0,0,0
2026-05-13 23:54:37,PLC,0,Cmd303,0,0,0,0,0,0,0,0,0,0
2026-05-13 23:57:36,PLC,0,Cmd101,0,0,0,0,0,0,0,0,0,0
2026-05-13 23:57:36,PLC,0,Cmd302,0,0,0,0,0,0,0,0,0,0
2026-05-13 23:57:37,PLC,0,Cmd101,0,0,0,0,0,0,0,0,0,0
2026-05-13 23:57:38,PLC,0,Cmd101,0,0,0,0,0,0,0,0,0,0
2026-05-13 23:57:40,PLC,0,Cmd107,0,0,0,0,0,0,0,0,0,0
2026-05-13 23:57:40,RPD,0,Cmd302,0,0,0,0,0,0,0,0,0,0
2026-05-14 00:01:13,PLC,0,Cmd421,22,146,16448,0,0,0,0,2001,1,56
2026-05-14 00:01:26,PLC,0,Cmd413,0,0,0,0,0,0,0,0,0,0
2026-05-14 00:05:00,PLC,0,Cmd405,10004,0,0,0,0,0,0,0,0,0
2026-05-14 00:06:27,PLC,0,Cmd421,50,16,24577,0,0,0,0,2002,1,207
2026-05-14 00:06:40,PLC,0,Cmd413,0,0,0,0,0,0,0,0,0,0
2026-05-14 00:07:23,PLC,0,Cmd421,51,16,24577,0,0,0,0,2002,1,207
2026-05-14 00:07:27,PLC,0,Cmd413,0,0,0,0,0,0,0,0,0,0
2026-05-14 00:09:32,PLC,0,Cmd405,10004,0,0,0,0,0,0,0,0,0
2026-05-14 00:15:52,PLC,0,Cmd421,26,146,49152,52,650,0,0,2003,1,192
2026-05-14 00:16:05,PLC,0,Cmd413,0,0,0,0,0,0,0,0,0,0
2026-05-14 00:18:12,PLC,0,Cmd405,10004,0,0,0,0,0,0,0,0,0
2026-05-14 00:21:54,PLC,0,Cmd421,22,11,16385,0,0,0,0,2001,1,14
2026-05-14 00:22:07,PLC,0,Cmd413,0,0,0,0,0,0,0,0,0,0
2026-05-14 00:25:41,PLC,0,Cmd405,10004,0,0,0,0,0,0,0,0,0
2026-05-14 00:38:27,PLC,0,Cmd421,22,68,16386,0,0,0,0,2002,1,163
2026-05-14 00:38:40,PLC,0,Cmd413,0,0,0,0,0,0,0,0,0,0
2026-05-14 00:42:14,PLC,0,Cmd405,10004,0,0,0,0,0,0,0,0,0
2026-05-14 00:52:05,PLC,0,Cmd421,26,56,49152,1333,650,0,0,3001,1,240
2026-05-14 00:52:18,PLC,0,Cmd413,0,0,0,0,0,0,0,0,0,0
2026-05-14 00:55:01,PLC,0,Cmd405,10004,0,0,0,0,0,0,0,0,0
2026-05-14 00:58:37,PLC,0,Cmd421,22,56,16386,0,0,0,0,3001,1,49
2026-05-14 00:58:41,PLC,0,Cmd413,0,0,0,0,0,0,0,0,0,0
2026-05-14 01:02:15,PLC,0,Cmd405,10004,0,0,0,0,0,0,0,0,0
2026-05-14 01:08:53,PLC,0,Cmd421,50,69,24578,0,0,0,0,2001,1,158
2026-05-14 01:09:07,PLC,0,Cmd413,0,0,0,0,0,0,0,0,0,0
2026-05-14 01:09:51,PLC,0,Cmd421,51,69,24578,0,0,0,0,2001,1,158
2026-05-14 01:09:55,PLC,0,Cmd413,0,0,0,0,0,0,0,0,0,0
2026-05-14 01:12:19,PLC,0,Cmd405,10004,0,0,0,0,0,0,0,0,0
2026-05-14 01:23:17,PLC,0,Cmd421,56,34,49152,1535,255,0,0,2002,1,91
2026-05-14 01:23:30,PLC,0,Cmd413,0,0,0,0,0,0,0,0,0,0
2026-05-14 01:25:43,PLC,0,Cmd405,10004,0,0,0,0,0,0,0,0,0
2026-05-14 01:28:23,PLC,0,Cmd421,50,34,24578,0,0,0,0,2002,1,52
2026-05-14 01:28:28,PLC,0,Cmd413,0,0,0,0,0,0,0,0,0,0
2026-05-14 01:29:11,PLC,0,Cmd421,51,34,24578,0,0,0,0,2002,1,52
2026-05-14 01:29:15,PLC,0,Cmd413,0,0,0,0,0,0,0,0,0,0
2026-05-14 01:31:40,PLC,0,Cmd405,10004,0,0,0,0,0,0,0,0,0
2026-05-14 01:35:01,PLC,0,Cmd421,22,62,16448,0,0,0,0,2003,1,68
2026-05-14 01:35:13,PLC,0,Cmd413,0,0,0,0,0,0,0,0,0,0
2026-05-14 01:38:48,PLC,0,Cmd405,10004,0,0,0,0,0,0,0,0,0
2026-05-14 02:05:48,PLC,0,Cmd421,50,15,24578,0,0,0,0,2001,1,12
2026-05-14 02:06:01,PLC,0,Cmd413,0,0,0,0,0,0,0,0,0,0
2026-05-14 02:06:27,PLC,0,Cmd101,0,0,0,0,0,0,0,0,0,0
2026-05-14 02:06:28,PLC,0,Cmd107,0,0,0,0,0,0,0,0,0,0
2026-05-14 02:06:28,RPD,0,Cmd302,0,0,0,0,0,0,0,0,0,0
2026-05-14 02:07:02,PLC,0,Cmd421,51,15,24578,0,0,0,0,2001,1,12
2026-05-14 02:07:07,PLC,0,Cmd413,0,0,0,0,0,0,0,0,0,0
2026-05-14 02:09:31,PLC,0,Cmd405,10004,0,0,0,0,0,0,0,0,0
2026-05-14 02:11:55,PLC,0,Cmd421,26,69,49152,1024,8,0,0,2002,1,101
2026-05-14 02:12:08,PLC,0,Cmd413,0,0,0,0,0,0,0,0,0,0
2026-05-14 02:13:38,PLC,0,Cmd405,10004,0,0,0,0,0,0,0,0,0
2026-05-14 02:22:08,PLC,0,Cmd421,26,27,49152,309,648,0,0,2003,1,22
2026-05-14 02:22:21,PLC,0,Cmd413,0,0,0,0,0,0,0,0,0,0
2026-05-14 02:24:42,PLC,0,Cmd405,10004,0,0,0,0,0,0,0,0,0
2026-05-14 02:31:38,PLC,0,Cmd421,22,15,16386,0,0,0,0,2001,1,149
2026-05-14 02:31:50,PLC,0,Cmd413,0,0,0,0,0,0,0,0,0,0
2026-05-14 02:35:25,PLC,0,Cmd405,10004,0,0,0,0,0,0,0,0,0
2026-05-14 02:46:16,PLC,0,Cmd421,56,29,49152,1535,255,0,0,2002,1,111
2026-05-14 02:46:28,PLC,0,Cmd413,0,0,0,0,0,0,0,0,0,0
2026-05-14 02:48:41,PLC,0,Cmd405,10004,0,0,0,0,0,0,0,0,0
2026-05-14 02:49:53,PLC,0,Cmd421,26,97,49152,1076,650,0,0,2003,1,2
2026-05-14 02:50:05,PLC,0,Cmd413,0,0,0,0,0,0,0,0,0,0
2026-05-14 02:52:31,PLC,0,Cmd405,10004,0,0,0,0,0,0,0,0,0
2026-05-14 03:04:20,PLC,0,Cmd421,50,29,24578,0,0,0,0,2001,1,202
2026-05-14 03:04:33,PLC,0,Cmd413,0,0,0,0,0,0,0,0,0,0
2026-05-14 03:05:16,PLC,0,Cmd421,51,29,24578,0,0,0,0,2001,1,202
2026-05-14 03:05:20,PLC,0,Cmd413,0,0,0,0,0,0,0,0,0,0
2026-05-14 03:07:45,PLC,0,Cmd405,10004,0,0,0,0,0,0,0,0,0
2026-05-14 04:10:31,PLC,0,Cmd421,22,69,16386,0,0,0,0,2001,1,163
2026-05-14 04:10:44,PLC,0,Cmd413,0,0,0,0,0,0,0,0,0,0
2026-05-14 04:14:19,PLC,0,Cmd405,10004,0,0,0,0,0,0,0,0,0
2026-05-14 04:34:50,PLC,0,Cmd421,22,53,16386,0,0,0,0,2001,1,221
2026-05-14 04:35:03,PLC,0,Cmd413,0,0,0,0,0,0,0,0,0,0
2026-05-14 04:38:37,PLC,0,Cmd405,10004,0,0,0,0,0,0,0,0,0
2026-05-14 04:47:05,PLC,0,Cmd303,0,0,0,0,0,0,0,0,0,0
2026-05-14 05:50:41,PLC,0,Cmd101,0,0,0,0,0,0,0,0,0,0
2026-05-14 05:50:42,PLC,0,Cmd302,0,0,0,0,0,0,0,0,0,0
2026-05-14 05:50:44,PLC,0,Cmd107,0,0,0,0,0,0,0,0,0,0
2026-05-14 05:50:44,RPD,0,Cmd302,0,0,0,0,0,0,0,0,0,0
2026-05-14 05:50:44,PLC,0,Cmd101,0,0,0,0,0,0,0,0,0,0
2026-05-14 05:51:51,PLC,0,Cmd421,56,5,53312,1021,1022,0,0,3001,1,15651
2026-05-14 05:52:10,PLC,0,Cmd413,0,0,0,0,0,0,0,0,0,0
2026-05-14 05:52:36,PLC,0,Cmd101,0,0,0,0,0,0,0,0,0,0
2026-05-14 05:52:43,PLC,0,Cmd101,0,0,0,0,0,0,0,0,0,0
2026-05-14 05:54:18,PLC,0,Cmd405,10004,0,0,0,0,0,0,0,0,0
2026-05-14 05:55:12,PLC,0,Cmd107,1,0,0,0,0,0,0,0,0,0
2026-05-14 05:55:12,RPD,0,Cmd302,0,0,0,0,0,0,0,0,0,0
2026-05-14 05:55:14,PLC,0,Cmd107,1,0,0,0,0,0,0,0,0,0
2026-05-14 05:55:14,RPD,0,Cmd302,0,0,0,0,0,0,0,0,0,0
2026-05-14 05:55:16,PLC,0,Cmd107,1,0,0,0,0,0,0,0,0,0
2026-05-14 05:55:16,RPD,0,Cmd302,0,0,0,0,0,0,0,0,0,0
2026-05-14 05:55:18,PLC,0,Cmd107,1,0,0,0,0,0,0,0,0,0
2026-05-14 05:55:18,RPD,0,Cmd302,0,0,0,0,0,0,0,0,0,0
2026-05-14 05:55:23,PLC,0,Cmd101,0,0,0,0,0,0,0,0,0,0
2026-05-14 06:03:56,PLC,0,Cmd107,1,0,0,0,0,0,0,0,0,0
2026-05-14 06:03:56,RPD,0,Cmd302,0,0,0,0,0,0,0,0,0,0
2026-05-14 06:09:17,PLC,0,Cmd421,26,20,49152,1333,654,0,0,2002,1,67
2026-05-14 06:09:31,PLC,0,Cmd413,0,0,0,0,0,0,0,0,0,0
2026-05-14 06:12:13,PLC,0,Cmd405,10004,0,0,0,0,0,0,0,0,0
2026-05-14 06:42:04,PLC,0,Cmd303,0,0,0,0,0,0,0,0,0,0
2026-05-14 06:44:37,PLC,0,Cmd101,0,0,0,0,0,0,0,0,0,0
2026-05-14 06:44:37,PLC,0,Cmd302,0,0,0,0,0,0,0,0,0,0
2026-05-14 06:44:39,PLC,0,Cmd107,0,0,0,0,0,0,0,0,0,0
2026-05-14 06:44:39,RPD,0,Cmd302,0,0,0,0,0,0,0,0,0,0
2026-05-14 06:50:49,PLC,0,Cmd421,50,11,57346,61,4147,0,0,2001,1,96
2026-05-14 06:51:03,PLC,0,Cmd413,0,0,0,0,0,0,0,0,0,0
2026-05-14 06:51:46,PLC,0,Cmd421,51,11,57346,61,4147,0,0,2001,1,96
2026-05-14 06:51:50,PLC,0,Cmd413,0,0,0,0,0,0,0,0,0,0
2026-05-14 06:53:54,PLC,0,Cmd405,10004,0,0,0,0,0,0,0,0,0
2026-05-14 07:16:16,PLC,0,Cmd421,22,12,16386,0,0,0,0,2002,1,153
2026-05-14 07:16:29,PLC,0,Cmd413,0,0,0,0,0,0,0,0,0,0
2026-05-14 07:20:04,PLC,0,Cmd405,10004,0,0,0,0,0,0,0,0,0
2026-05-14 07:25:45,PLC,0,Cmd421,22,20,16386,0,0,0,0,2001,1,126
2026-05-14 07:25:58,PLC,0,Cmd413,0,0,0,0,0,0,0,0,0,0
2026-05-14 07:29:32,PLC,0,Cmd405,10004,0,0,0,0,0,0,0,0,0
2026-05-14 07:40:38,PLC,0,Cmd303,0,0,0,0,0,0,0,0,0,0
2026-05-14 07:41:08,PLC,0,Cmd101,0,0,0,0,0,0,0,0,0,0
2026-05-14 07:41:09,PLC,0,Cmd302,0,0,0,0,0,0,0,0,0,0
2026-05-14 07:41:11,PLC,0,Cmd107,0,0,0,0,0,0,0,0,0,0
2026-05-14 07:41:11,RPD,0,Cmd302,0,0,0,0,0,0,0,0,0,0
2026-05-14 07:43:30,PLC,0,Cmd421,22,12,16386,0,0,0,0,2003,1,119
2026-05-14 07:43:43,PLC,0,Cmd413,0,0,0,0,0,0,0,0,0,0
2026-05-14 07:47:17,PLC,0,Cmd405,10004,0,0,0,0,0,0,0,0,0
2026-05-14 08:10:53,PLC,0,Cmd421,22,67,16448,0,0,0,0,2001,1,103
2026-05-14 08:11:06,PLC,0,Cmd413,0,0,0,0,0,0,0,0,0,0
2026-05-14 08:14:40,PLC,0,Cmd405,10004,0,0,0,0,0,0,0,0,0
2026-05-14 08:17:25,PLC,0,Cmd421,22,27,16385,0,0,0,0,2002,1,138
2026-05-14 08:17:38,PLC,0,Cmd413,0,0,0,0,0,0,0,0,0,0
2026-05-14 08:21:13,PLC,0,Cmd405,10004,0,0,0,0,0,0,0,0,0
2026-05-14 08:33:58,PLC,0,Cmd421,22,20,16386,0,0,0,0,2003,1,133
2026-05-14 08:34:11,PLC,0,Cmd413,0,0,0,0,0,0,0,0,0,0
2026-05-14 08:37:45,PLC,0,Cmd405,10004,0,0,0,0,0,0,0,0,0
2026-05-14 08:47:09,PLC,0,Cmd421,56,35,49152,1535,255,0,0,2001,1,91
2026-05-14 08:47:22,PLC,0,Cmd413,0,0,0,0,0,0,0,0,0,0
2026-05-14 08:49:34,PLC,0,Cmd405,10004,0,0,0,0,0,0,0,0,0
2026-05-14 08:52:15,PLC,0,Cmd421,50,35,24578,0,0,0,0,2001,1,52
2026-05-14 08:52:19,PLC,0,Cmd413,0,0,0,0,0,0,0,0,0,0
2026-05-14 08:53:03,PLC,0,Cmd421,51,35,24578,0,0,0,0,2001,1,52
2026-05-14 08:53:07,PLC,0,Cmd413,0,0,0,0,0,0,0,0,0,0
2026-05-14 08:55:32,PLC,0,Cmd405,10004,0,0,0,0,0,0,0,0,0
2026-05-14 09:12:46,PLC,0,Cmd421,26,99,49152,1313,650,0,0,2001,1,106
2026-05-14 09:12:58,PLC,0,Cmd413,0,0,0,0,0,0,0,0,0,0
2026-05-14 09:15:29,PLC,0,Cmd405,10004,0,0,0,0,0,0,0,0,0
2026-05-14 09:23:15,PLC,0,Cmd421,22,99,16386,0,0,0,0,2002,1,37
2026-05-14 09:23:19,PLC,0,Cmd413,0,0,0,0,0,0,0,0,0,0
2026-05-14 09:26:54,PLC,0,Cmd405,10004,0,0,0,0,0,0,0,0,0
2026-05-14 09:27:50,PLC,0,Cmd101,0,0,0,0,0,0,0,0,0,0
2026-05-14 09:29:55,PLC,0,Cmd101,0,0,0,0,0,0,0,0,0,0
2026-05-14 09:30:00,PLC,0,Cmd101,0,0,0,0,0,0,0,0,0,0
2026-05-14 09:34:35,PLC,0,Cmd101,0,0,0,0,0,0,0,0,0,0
2026-05-14 09:35:42,PLC,0,Cmd421,28,150,16385,0,0,0,0,2001,1,78
2026-05-14 09:35:54,PLC,0,Cmd413,0,0,0,0,0,0,0,0,0,0
2026-05-14 09:38:57,PLC,0,Cmd405,10004,0,0,0,0,0,0,0,0,0
2026-05-14 09:45:32,PLC,0,Cmd421,50,20,24578,0,0,0,0,2003,1,233
2026-05-14 09:45:45,PLC,0,Cmd413,0,0,0,0,0,0,0,0,0,0
2026-05-14 09:46:29,PLC,0,Cmd421,51,20,24578,0,0,0,0,2003,1,233
2026-05-14 09:46:33,PLC,0,Cmd413,0,0,0,0,0,0,0,0,0,0
2026-05-14 09:48:57,PLC,0,Cmd405,10004,0,0,0,0,0,0,0,0,0
2026-05-14 10:06:48,PLC,0,Cmd421,26,77,49152,1333,648,0,0,2002,1,102
2026-05-14 10:07:01,PLC,0,Cmd413,0,0,0,0,0,0,0,0,0,0
2026-05-14 10:09:44,PLC,0,Cmd405,10004,0,0,0,0,0,0,0,0,0
2026-05-14 10:13:32,PLC,0,Cmd421,22,77,16386,0,0,0,0,2002,1,148
2026-05-14 10:13:36,PLC,0,Cmd413,0,0,0,0,0,0,0,0,0,0
2026-05-14 10:17:11,PLC,0,Cmd405,10004,0,0,0,0,0,0,0,0,0
2026-05-14 10:21:46,PLC,0,Cmd421,56,53,49152,1535,255,0,0,2001,1,110
2026-05-14 10:21:58,PLC,0,Cmd413,0,0,0,0,0,0,0,0,0,0
2026-05-14 10:24:11,PLC,0,Cmd405,10004,0,0,0,0,0,0,0,0,0
2026-05-14 10:30:06,PLC,0,Cmd421,50,53,24578,0,0,0,0,2001,1,105
2026-05-14 10:30:10,PLC,0,Cmd413,0,0,0,0,0,0,0,0,0,0
2026-05-14 10:30:54,PLC,0,Cmd421,51,53,24578,0,0,0,0,2001,1,105
2026-05-14 10:30:58,PLC,0,Cmd413,0,0,0,0,0,0,0,0,0,0
2026-05-14 10:33:23,PLC,0,Cmd405,10004,0,0,0,0,0,0,0,0,0
2026-05-14 12:42:55,PLC,0,Cmd421,50,9,28674,0,0,0,0,2001,1,160
2026-05-14 12:43:08,PLC,0,Cmd413,0,0,0,0,0,0,0,0,0,0
2026-05-14 12:43:51,PLC,0,Cmd421,58,9,28674,0,0,0,0,2001,1,160
2026-05-14 12:43:56,PLC,0,Cmd413,0,0,0,0,0,0,0,0,0,0
2026-05-14 12:46:55,PLC,0,Cmd405,10004,0,0,0,0,0,0,0,0,0
2026-05-14 13:08:34,PLC,0,Cmd421,56,146,49152,1535,255,0,0,2001,1,45
2026-05-14 13:08:47,PLC,0,Cmd413,0,0,0,0,0,0,0,0,0,0
2026-05-14 13:10:55,PLC,0,Cmd405,10004,0,0,0,0,0,0,0,0,0
2026-05-14 13:13:41,PLC,0,Cmd421,50,146,24578,0,0,0,0,2001,1,204
2026-05-14 13:13:45,PLC,0,Cmd413,0,0,0,0,0,0,0,0,0,0
2026-05-14 13:14:29,PLC,0,Cmd421,51,146,24578,0,0,0,0,2001,1,204
2026-05-14 13:14:33,PLC,0,Cmd413,0,0,0,0,0,0,0,0,0,0
2026-05-14 13:16:58,PLC,0,Cmd405,10004,0,0,0,0,0,0,0,0,0
2026-05-14 14:14:57,PLC,0,Cmd421,22,97,16448,0,0,0,0,2001,1,35
2026-05-14 14:15:09,PLC,0,Cmd413,0,0,0,0,0,0,0,0,0,0
2026-05-14 14:18:44,PLC,0,Cmd405,10004,0,0,0,0,0,0,0,0,0
2026-05-14 14:41:06,PLC,0,Cmd421,22,11,16386,0,0,0,0,2001,1,50
2026-05-14 14:41:19,PLC,0,Cmd413,0,0,0,0,0,0,0,0,0,0
2026-05-14 14:44:54,PLC,0,Cmd405,10004,0,0,0,0,0,0,0,0,0
2026-05-14 14:51:06,PLC,0,Cmd101,0,0,0,0,0,0,0,0,0,0
2026-05-14 15:15:50,PLC,0,Cmd421,99,99,49152,0,0,0,0,2001,1,76
2026-05-14 15:16:03,PLC,0,Cmd413,0,0,0,0,0,0,0,0,0,0
2026-05-14 15:19:01,PLC,0,Cmd405,10004,0,0,0,0,0,0,0,0,0
2026-05-14 15:22:51,PLC,0,Cmd421,56,29,49152,1535,255,0,0,2002,1,164
2026-05-14 15:23:04,PLC,0,Cmd413,0,0,0,0,0,0,0,0,0,0
2026-05-14 15:25:11,PLC,0,Cmd405,10004,0,0,0,0,0,0,0,0,0
2026-05-14 15:36:09,PLC,0,Cmd421,50,29,24578,0,0,0,0,2002,1,171
2026-05-14 15:36:13,PLC,0,Cmd413,0,0,0,0,0,0,0,0,0,0
2026-05-14 15:36:57,PLC,0,Cmd421,51,29,24578,0,0,0,0,2002,1,171
2026-05-14 15:37:01,PLC,0,Cmd413,0,0,0,0,0,0,0,0,0,0
2026-05-14 15:39:26,PLC,0,Cmd405,10004,0,0,0,0,0,0,0,0,0
2026-05-14 15:39:51,PLC,0,Cmd421,26,145,49152,32,648,0,0,2003,1,36
2026-05-14 15:40:25,PLC,0,Cmd413,0,0,0,0,0,0,0,0,0,0
2026-05-14 15:42:24,PLC,0,Cmd405,10004,0,0,0,0,0,0,0,0,0
2026-05-14 15:45:19,PLC,0,Cmd421,22,145,16448,0,0,0,0,2003,1,206
2026-05-14 15:45:23,PLC,0,Cmd413,0,0,0,0,0,0,0,0,0,0
2026-05-14 15:48:58,PLC,0,Cmd405,10004,0,0,0,0,0,0,0,0,0
2026-05-14 15:54:31,PLC,0,Cmd421,22,55,49154,0,481,0,0,2001,1,49
2026-05-14 15:54:44,PLC,0,Cmd413,0,0,0,0,0,0,0,0,0,0
2026-05-14 15:57:02,PLC,0,Cmd405,10004,0,0,0,0,0,0,0,0,0
2026-05-14 16:05:48,PLC,0,Cmd421,26,55,49152,1332,642,0,0,2002,1,240
2026-05-14 16:05:52,PLC,0,Cmd413,0,0,0,0,0,0,0,0,0,0
2026-05-14 16:08:27,PLC,0,Cmd405,10004,0,0,0,0,0,0,0,0,0
2026-05-14 17:29:20,PLC,0,Cmd421,22,26,53312,0,1,0,0,2001,1,212
2026-05-14 17:29:33,PLC,0,Cmd413,0,0,0,0,0,0,0,0,0,0
2026-05-14 17:31:36,PLC,0,Cmd405,10004,0,0,0,0,0,0,0,0,0
2026-05-14 18:51:59,PLC,0,Cmd421,26,99,49152,1333,654,0,0,2001,1,169
2026-05-14 18:52:11,PLC,0,Cmd413,0,0,0,0,0,0,0,0,0,0
2026-05-14 18:54:55,PLC,0,Cmd405,10004,0,0,0,0,0,0,0,0,0
2026-05-14 18:58:32,PLC,0,Cmd421,22,99,16386,0,0,0,0,2001,1,98
2026-05-14 18:58:36,PLC,0,Cmd413,0,0,0,0,0,0,0,0,0,0
2026-05-14 19:02:10,PLC,0,Cmd405,10004,0,0,0,0,0,0,0,0,0
2026-05-14 19:07:04,PLC,0,Cmd421,26,56,49152,1332,642,0,0,3001,1,240
2026-05-14 19:07:18,PLC,0,Cmd413,0,0,0,0,0,0,0,0,0,0
2026-05-14 19:09:53,PLC,0,Cmd405,10004,0,0,0,0,0,0,0,0,0
2026-05-14 19:14:31,PLC,0,Cmd421,22,56,49154,0,481,0,0,3002,1,49
2026-05-14 19:14:35,PLC,0,Cmd413,0,0,0,0,0,0,0,0,0,0
2026-05-14 19:16:53,PLC,0,Cmd405,10004,0,0,0,0,0,0,0,0,0
2026-05-14 19:33:00,PLC,0,Cmd421,26,34,49152,1313,650,0,0,2001,1,192
2026-05-14 19:33:14,PLC,0,Cmd413,0,0,0,0,0,0,0,0,0,0
2026-05-14 19:35:45,PLC,0,Cmd405,10004,0,0,0,0,0,0,0,0,0
2026-05-14 19:41:45,PLC,0,Cmd421,26,146,49152,32,648,0,0,2002,1,36
2026-05-14 19:41:57,PLC,0,Cmd413,0,0,0,0,0,0,0,0,0,0
2026-05-14 19:43:56,PLC,0,Cmd405,10004,0,0,0,0,0,0,0,0,0
2026-05-14 19:53:00,PLC,0,Cmd421,22,146,16448,0,0,0,0,2002,1,206
2026-05-14 19:53:04,PLC,0,Cmd413,0,0,0,0,0,0,0,0,0,0
2026-05-14 19:56:38,PLC,0,Cmd405,10004,0,0,0,0,0,0,0,0,0
2026-05-14 20:03:46,PLC,0,Cmd421,22,34,16386,0,0,0,0,2001,1,168
2026-05-14 20:03:58,PLC,0,Cmd413,0,0,0,0,0,0,0,0,0,0
2026-05-14 20:07:33,PLC,0,Cmd405,10004,0,0,0,0,0,0,0,0,0
2026-05-14 20:27:25,PLC,0,Cmd421,56,53,49152,1535,255,0,0,2002,1,111
2026-05-14 20:27:38,PLC,0,Cmd413,0,0,0,0,0,0,0,0,0,0
2026-05-14 20:29:51,PLC,0,Cmd405,10004,0,0,0,0,0,0,0,0,0
2026-05-14 20:32:32,PLC,0,Cmd421,50,53,24578,0,0,0,0,2002,1,131
2026-05-14 20:32:36,PLC,0,Cmd413,0,0,0,0,0,0,0,0,0,0
2026-05-14 20:33:20,PLC,0,Cmd421,51,53,24578,0,0,0,0,2002,1,131
2026-05-14 20:33:24,PLC,0,Cmd413,0,0,0,0,0,0,0,0,0,0
2026-05-14 20:35:49,PLC,0,Cmd405,10004,0,0,0,0,0,0,0,0,0
2026-05-14 20:49:23,PLC,0,Cmd421,22,55,16448,0,0,0,0,2001,1,144
2026-05-14 20:49:35,PLC,0,Cmd413,0,0,0,0,0,0,0,0,0,0
2026-05-14 20:53:09,PLC,0,Cmd405,10004,0,0,0,0,0,0,0,0,0
2026-05-14 21:12:26,PLC,0,Cmd421,26,32,49152,289,648,0,0,2001,1,67
2026-05-14 21:12:39,PLC,0,Cmd413,0,0,0,0,0,0,0,0,0,0
2026-05-14 21:14:48,PLC,0,Cmd405,10004,0,0,0,0,0,0,0,0,0
2026-05-14 22:02:31,PLC,0,Cmd101,0,0,0,0,0,0,0,0,0,0
2026-05-14 22:51:33,PLC,0,Cmd421,26,35,49152,1313,650,0,0,2001,1,192
2026-05-14 22:51:46,PLC,0,Cmd413,0,0,0,0,0,0,0,0,0,0
2026-05-14 22:54:17,PLC,0,Cmd405,10004,0,0,0,0,0,0,0,0,0
2026-05-14 23:49:04,PLC,0,Cmd421,22,11,16448,0,0,0,0,2001,1,57
2026-05-14 23:49:17,PLC,0,Cmd413,0,0,0,0,0,0,0,0,0,0
2026-05-14 23:52:51,PLC,0,Cmd405,10004,0,0,0,0,0,0,0,0,0
2026-05-14 23:54:00,PLC,0,Cmd421,22,35,16386,0,0,0,0,2002,1,168
2026-05-14 23:54:13,PLC,0,Cmd413,0,0,0,0,0,0,0,0,0,0
2026-05-14 23:57:47,PLC,0,Cmd405,10004,0,0,0,0,0,0,0,0,0
2026-05-15 00:17:38,PLC,0,Cmd421,22,56,16448,0,0,0,0,3001,1,144
2026-05-15 00:17:52,PLC,0,Cmd413,0,0,0,0,0,0,0,0,0,0
2026-05-15 00:21:26,PLC,0,Cmd405,10004,0,0,0,0,0,0,0,0,0
2026-05-15 00:27:41,PLC,0,Cmd421,26,26,49152,1981,17146,0,0,2001,1,102
2026-05-15 00:27:55,PLC,0,Cmd413,0,0,0,0,0,0,0,0,0,0
2026-05-15 00:31:48,PLC,0,Cmd405,10004,0,0,0,0,0,0,0,0,0
2026-05-15 00:41:01,PLC,0,Cmd421,22,16,16386,0,0,0,0,2002,1,138
2026-05-15 00:41:14,PLC,0,Cmd413,0,0,0,0,0,0,0,0,0,0
2026-05-15 00:44:48,PLC,0,Cmd405,10004,0,0,0,0,0,0,0,0,0
2026-05-15 01:04:59,PLC,0,Cmd421,22,32,16386,0,0,0,0,2001,1,119
2026-05-15 01:05:11,PLC,0,Cmd413,0,0,0,0,0,0,0,0,0,0
2026-05-15 01:08:45,PLC,0,Cmd405,10004,0,0,0,0,0,0,0,0,0
2026-05-15 01:12:14,PLC,0,Cmd421,26,85,49152,289,650,0,0,3001,1,113
2026-05-15 01:12:28,PLC,0,Cmd413,0,0,0,0,0,0,0,0,0,0
2026-05-15 01:14:37,PLC,0,Cmd405,10004,0,0,0,0,0,0,0,0,0
2026-05-15 01:22:33,PLC,0,Cmd421,22,85,16386,0,0,0,0,3001,1,68
2026-05-15 01:22:37,PLC,0,Cmd413,0,0,0,0,0,0,0,0,0,0
2026-05-15 01:26:11,PLC,0,Cmd405,10004,0,0,0,0,0,0,0,0,0
2026-05-15 01:26:37,PLC,0,Cmd421,50,13,24577,0,0,0,0,2002,1,60
2026-05-15 01:27:11,PLC,0,Cmd413,0,0,0,0,0,0,0,0,0,0
2026-05-15 01:27:55,PLC,0,Cmd421,51,13,24577,0,0,0,0,2002,1,60
2026-05-15 01:27:59,PLC,0,Cmd413,0,0,0,0,0,0,0,0,0,0
2026-05-15 01:30:03,PLC,0,Cmd405,10004,0,0,0,0,0,0,0,0,0
2026-05-15 01:31:14,PLC,0,Cmd421,26,33,49152,289,648,0,0,2003,1,67
2026-05-15 01:31:27,PLC,0,Cmd413,0,0,0,0,0,0,0,0,0,0
2026-05-15 01:33:37,PLC,0,Cmd405,10004,0,0,0,0,0,0,0,0,0
2026-05-15 01:35:59,PLC,0,Cmd421,22,11,16386,0,0,0,0,2001,1,133
2026-05-15 01:36:11,PLC,0,Cmd413,0,0,0,0,0,0,0,0,0,0
2026-05-15 01:39:46,PLC,0,Cmd405,10004,0,0,0,0,0,0,0,0,0
2026-05-15 01:53:09,PLC,0,Cmd421,56,62,49152,1531,251,0,0,2002,1,155
2026-05-15 01:53:21,PLC,0,Cmd413,0,0,0,0,0,0,0,0,0,0
2026-05-15 01:55:34,PLC,0,Cmd405,10004,0,0,0,0,0,0,0,0,0
2026-05-15 02:02:09,PLC,0,Cmd421,50,62,24578,0,0,0,0,2003,1,86
2026-05-15 02:02:13,PLC,0,Cmd413,0,0,0,0,0,0,0,0,0,0
2026-05-15 02:02:56,PLC,0,Cmd421,51,62,24578,0,0,0,0,2003,1,86
2026-05-15 02:03:00,PLC,0,Cmd413,0,0,0,0,0,0,0,0,0,0
2026-05-15 02:05:25,PLC,0,Cmd405,10004,0,0,0,0,0,0,0,0,0
2026-05-15 03:00:59,PLC,0,Cmd421,56,53,49152,1530,250,0,0,2001,1,110
2026-05-15 03:01:12,PLC,0,Cmd413,0,0,0,0,0,0,0,0,0,0
2026-05-15 03:03:11,PLC,0,Cmd405,10004,0,0,0,0,0,0,0,0,0
2026-05-15 03:13:14,PLC,0,Cmd421,22,11,16386,0,0,0,0,2002,1,103
2026-05-15 03:13:26,PLC,0,Cmd413,0,0,0,0,0,0,0,0,0,0
2026-05-15 03:17:01,PLC,0,Cmd405,10004,0,0,0,0,0,0,0,0,0
2026-05-15 03:31:04,PLC,0,Cmd421,56,112,49152,1534,254,0,0,2001,1,45
2026-05-15 03:31:17,PLC,0,Cmd413,0,0,0,0,0,0,0,0,0,0
2026-05-15 03:33:16,PLC,0,Cmd405,10004,0,0,0,0,0,0,0,0,0
2026-05-15 03:50:32,PLC,0,Cmd421,50,112,24640,0,0,0,0,2002,1,237
2026-05-15 03:50:37,PLC,0,Cmd413,0,0,0,0,0,0,0,0,0,0
2026-05-15 03:51:20,PLC,0,Cmd421,51,112,24640,0,0,0,0,2002,1,237
2026-05-15 03:51:24,PLC,0,Cmd413,0,0,0,0,0,0,0,0,0,0
2026-05-15 03:53:49,PLC,0,Cmd405,10004,0,0,0,0,0,0,0,0,0
2026-05-15 03:54:15,PLC,0,Cmd421,56,53,49152,1407,127,0,0,2001,1,111
2026-05-15 03:54:48,PLC,0,Cmd413,0,0,0,0,0,0,0,0,0,0
2026-05-15 03:56:40,PLC,0,Cmd405,10004,0,0,0,0,0,0,0,0,0
2026-05-15 04:16:37,PLC,0,Cmd421,50,53,24640,0,0,0,0,2003,1,207
2026-05-15 04:16:42,PLC,0,Cmd413,0,0,0,0,0,0,0,0,0,0
2026-05-15 04:17:25,PLC,0,Cmd421,51,53,24640,0,0,0,0,2003,1,207
2026-05-15 04:17:29,PLC,0,Cmd413,0,0,0,0,0,0,0,0,0,0
2026-05-15 04:19:54,PLC,0,Cmd405,10004,0,0,0,0,0,0,0,0,0
2026-05-15 04:25:47,PLC,0,Cmd421,22,33,16386,0,0,0,0,2001,1,119
2026-05-15 04:26:00,PLC,0,Cmd413,0,0,0,0,0,0,0,0,0,0
2026-05-15 04:29:34,PLC,0,Cmd405,10004,0,0,0,0,0,0,0,0,0
2026-05-15 04:37:37,PLC,0,Cmd303,0,0,0,0,0,0,0,0,0,0
2026-05-15 04:37:44,PLC,0,Cmd140,0,0,0,0,0,0,0,0,0,0
2026-05-15 05:35:07,PLC,0,Cmd141,0,0,0,0,0,0,0,0,0,0
2026-05-15 05:35:07,PLC,0,Cmd101,0,0,0,0,0,0,0,0,0,0
2026-05-15 05:35:08,PLC,0,Cmd106,0,0,0,0,0,0,0,0,0,0
2026-05-15 05:35:09,PLC,0,Cmd1,0,0,0,0,0,0,0,0,0,0
2026-05-15 05:35:10,PLC,0,Cmd302,0,0,0,0,0,0,0,0,0,0
2026-05-15 05:35:12,PLC,0,Cmd107,0,0,0,0,0,0,0,0,0,0
2026-05-15 05:35:12,RPD,0,Cmd302,0,0,0,0,0,0,0,0,0,0
2026-05-15 05:35:12,PLC,0,Cmd101,0,0,0,0,0,0,0,0,0,0
2026-05-15 05:35:14,PLC,0,Cmd101,0,0,0,0,0,0,0,0,0,0
2026-05-15 05:35:15,PLC,0,Cmd101,0,0,0,0,0,0,0,0,0,0
2026-05-15 05:38:40,PLC,0,Cmd101,0,0,0,0,0,0,0,0,0,0
2026-05-15 05:39:07,PLC,0,Cmd421,56,5,49216,1021,1022,0,0,3001,1,15652
2026-05-15 05:39:27,PLC,0,Cmd413,0,0,0,0,0,0,0,0,0,0
2026-05-15 05:39:48,PLC,0,Cmd101,0,0,0,0,0,0,0,0,0,0
2026-05-15 05:40:09,PLC,0,Cmd101,0,0,0,0,0,0,0,0,0,0
2026-05-15 05:40:35,PLC,0,Cmd303,0,0,0,0,0,0,0,0,0,0
2026-05-15 05:40:38,PLC,0,Cmd101,0,0,0,0,0,0,0,0,0,0
2026-05-15 05:40:45,PLC,0,Cmd302,0,0,0,0,0,0,0,0,0,0
2026-05-15 05:40:46,PLC,0,Cmd101,0,0,0,0,0,0,0,0,0,0
2026-05-15 05:42:16,PLC,0,Cmd111,0,0,0,0,0,0,0,0,0,0
2026-05-15 05:42:17,PLC,0,Cmd303,0,0,0,0,0,0,0,0,0,0
2026-05-15 05:42:17,PLC,0,Cmd102,0,0,0,0,0,0,0,0,0,0
2026-05-15 05:42:18,PLC,0,Cmd2,0,0,0,0,0,0,0,0,0,0
2026-05-15 05:42:22,RA2,0,Cmd103,0,0,0,0,0,0,0,0,0,0
2026-05-15 05:42:24,RA2,0,Cmd302,0,0,0,0,0,0,0,0,0,0
2026-05-15 05:42:27,RA2,0,Cmd401,0,1,1,0,0,0,0,0,0,0
2026-05-15 05:42:27,RPD,0,Cmd422,0,999,0,0,0,1,1,0,1,0
2026-05-15 05:42:31,RA2,0,Cmd401,0,1,3,0,0,0,0,0,0,0
2026-05-15 05:42:31,RPD,0,Cmd422,0,999,0,0,0,1,3,0,1,0
2026-05-15 05:44:12,PLC,0,Cmd1,0,0,0,0,0,0,0,0,0,0
2026-05-15 05:44:15,PLC,0,Cmd303,0,0,0,0,0,0,0,0,0,0
2026-05-15 05:44:15,PLC,0,Cmd102,0,0,0,0,0,0,0,0,0,0
2026-05-15 05:44:16,PLC,0,Cmd302,0,0,0,0,0,0,0,0,0,0
2026-05-15 05:44:18,PLC,0,Cmd303,0,0,0,0,0,0,0,0,0,0
2026-05-15 05:44:20,PLC,0,Cmd101,0,0,0,0,0,0,0,0,0,0
2026-05-15 05:44:21,PLC,0,Cmd107,0,0,0,0,0,0,0,0,0,0
2026-05-15 05:44:21,PLC,0,Cmd302,0,0,0,0,0,0,0,0,0,0
2026-05-15 05:44:26,PLC,0,Cmd107,1,0,0,0,0,0,0,0,0,0
2026-05-15 05:44:26,RPD,0,Cmd302,0,0,0,0,0,0,0,0,0,0
2026-05-15 05:44:28,PLC,0,Cmd107,1,0,0,0,0,0,0,0,0,0
2026-05-15 05:44:28,RPD,0,Cmd302,0,0,0,0,0,0,0,0,0,0
2026-05-15 05:44:31,PLC,0,Cmd101,0,0,0,0,0,0,0,0,0,0
2026-05-15 05:54:47,PLC,0,Cmd102,0,0,0,0,0,0,0,0,0,0
2026-05-15 05:55:10,PLC,0,Cmd101,0,0,0,0,0,0,0,0,0,0
2026-05-15 05:55:12,PLC,0,Cmd107,0,0,0,0,0,0,0,0,0,0
2026-05-15 05:55:12,RPD,0,Cmd302,0,0,0,0,0,0,0,0,0,0
2026-05-15 05:55:13,PLC,0,Cmd101,0,0,0,0,0,0,0,0,0,0
2026-05-15 05:55:20,PLC,0,Cmd107,1,0,0,0,0,0,0,0,0,0
2026-05-15 05:55:20,RPD,0,Cmd302,0,0,0,0,0,0,0,0,0,0
2026-05-15 05:55:21,PLC,0,Cmd107,1,0,0,0,0,0,0,0,0,0
2026-05-15 05:55:21,RPD,0,Cmd302,0,0,0,0,0,0,0,0,0,0
2026-05-15 06:05:57,PLC,0,Cmd421,22,26,16386,0,0,0,0,2002,1,50
2026-05-15 06:06:11,PLC,0,Cmd413,0,0,0,0,0,0,0,0,0,0
2026-05-15 06:09:45,PLC,0,Cmd405,10004,0,0,0,0,0,0,0,0,0
2026-05-15 06:11:13,PLC,0,Cmd421,56,106,49152,1535,255,0,0,2003,1,46
2026-05-15 06:11:27,PLC,0,Cmd413,0,0,0,0,0,0,0,0,0,0
2026-05-15 06:13:40,PLC,0,Cmd405,10004,0,0,0,0,0,0,0,0,0
2026-05-15 07:28:58,PLC,0,Cmd421,50,106,24578,0,0,0,0,2001,1,230
2026-05-15 07:29:11,PLC,0,Cmd413,0,0,0,0,0,0,0,0,0,0
2026-05-15 07:29:54,PLC,0,Cmd421,51,106,24578,0,0,0,0,2001,1,230
2026-05-15 07:29:58,PLC,0,Cmd413,0,0,0,0,0,0,0,0,0,0
2026-05-15 07:32:24,PLC,0,Cmd405,10004,0,0,0,0,0,0,0,0,0
2026-05-15 07:54:52,PLC,0,Cmd421,56,113,49152,1534,254,0,0,2002,1,45
2026-05-15 07:55:05,PLC,0,Cmd413,0,0,0,0,0,0,0,0,0,0
2026-05-15 07:57:04,PLC,0,Cmd405,10004,0,0,0,0,0,0,0,0,0
2026-05-15 07:59:59,PLC,0,Cmd421,50,113,24640,0,0,0,0,2002,1,237
2026-05-15 08:00:03,PLC,0,Cmd413,0,0,0,0,0,0,0,0,0,0
2026-05-15 08:00:47,PLC,0,Cmd421,51,113,24640,0,0,0,0,2002,1,237
2026-05-15 08:00:51,PLC,0,Cmd413,0,0,0,0,0,0,0,0,0,0
2026-05-15 08:03:16,PLC,0,Cmd405,10004,0,0,0,0,0,0,0,0,0
2026-05-15 08:10:10,PLC,0,Cmd421,26,9,49152,1333,648,0,0,2001,1,175
2026-05-15 08:10:22,PLC,0,Cmd413,0,0,0,0,0,0,0,0,0,0
2026-05-15 08:13:06,PLC,0,Cmd405,10004,0,0,0,0,0,0,0,0,0
2026-05-15 08:29:43,PLC,0,Cmd421,26,20,49152,1333,650,0,0,2001,1,101
2026-05-15 08:29:55,PLC,0,Cmd413,0,0,0,0,0,0,0,0,0,0
2026-05-15 08:32:38,PLC,0,Cmd405,10004,0,0,0,0,0,0,0,0,0
2026-05-15 08:38:34,PLC,0,Cmd421,26,27,49152,1333,650,0,0,2002,1,180
2026-05-15 08:38:47,PLC,0,Cmd413,0,0,0,0,0,0,0,0,0,0
2026-05-15 08:41:30,PLC,0,Cmd405,10004,0,0,0,0,0,0,0,0,0
2026-05-15 08:54:11,PLC,0,Cmd421,26,158,49152,32,648,0,0,3001,1,22
2026-05-15 08:54:25,PLC,0,Cmd413,0,0,0,0,0,0,0,0,0,0
2026-05-15 08:56:24,PLC,0,Cmd405,10004,0,0,0,0,0,0,0,0,0
2026-05-15 09:00:16,PLC,0,Cmd421,22,158,16386,0,0,0,0,3001,1,51
2026-05-15 09:00:20,PLC,0,Cmd413,0,0,0,0,0,0,0,0,0,0
2026-05-15 09:03:55,PLC,0,Cmd405,10004,0,0,0,0,0,0,0,0,0
2026-05-15 09:40:45,PLC,0,Cmd421,22,99,49154,0,1,0,0,2001,1,99
2026-05-15 09:40:59,PLC,0,Cmd413,0,0,0,0,0,0,0,0,0,0
2026-05-15 09:43:02,PLC,0,Cmd405,10004,0,0,0,0,0,0,0,0,0
2026-05-15 11:06:21,PLC,0,Cmd421,56,97,49152,4410,570,0,0,2001,1,157
2026-05-15 11:11:39,PLC,0,Cmd102,0,0,0,0,0,0,0,0,0,0
2026-05-15 11:12:14,PLC,0,Cmd101,0,0,0,0,0,0,0,0,0,0
2026-05-15 11:12:19,PLC,0,Cmd107,0,0,0,0,0,0,0,0,0,0
2026-05-15 11:12:19,RPD,0,Cmd302,0,0,0,0,0,0,0,0,0,0
2026-05-15 11:12:42,PLC,0,Cmd111,0,0,0,0,0,0,0,0,0,0
2026-05-15 11:12:42,PLC,0,Cmd303,0,0,0,0,0,0,0,0,0,0
2026-05-15 11:12:43,PLC,0,Cmd140,0,0,0,0,0,0,0,0,0,0
2026-05-15 11:13:31,PLC,0,Cmd141,0,0,0,0,0,0,0,0,0,0
2026-05-15 11:13:31,PLC,0,Cmd101,0,0,0,0,0,0,0,0,0,0
2026-05-15 11:13:32,PLC,0,Cmd106,0,0,0,0,0,0,0,0,0,0
2026-05-15 11:13:32,PLC,0,Cmd1,0,0,0,0,0,0,0,0,0,0
2026-05-15 11:13:35,PLC,0,Cmd101,0,0,0,0,0,0,0,0,0,0
2026-05-15 11:13:36,PLC,0,Cmd101,0,0,0,0,0,0,0,0,0,0
2026-05-15 11:13:37,PLC,0,Cmd101,0,0,0,0,0,0,0,0,0,0
2026-05-15 11:13:38,PLC,0,Cmd101,0,0,0,0,0,0,0,0,0,0
2026-05-15 11:13:39,PLC,0,Cmd302,0,0,0,0,0,0,0,0,0,0
2026-05-15 11:13:47,PLC,0,Cmd107,1,0,0,0,0,0,0,0,0,0
2026-05-15 11:13:47,RPD,0,Cmd302,0,0,0,0,0,0,0,0,0,0
2026-05-15 11:13:55,PLC,0,Cmd101,0,0,0,0,0,0,0,0,0,0
2026-05-15 11:14:24,PLC,0,Cmd421,26,102,49152,1961,744,0,0,2002,1,192
2026-05-15 11:15:04,PLC,0,Cmd413,0,0,0,0,0,0,0,0,0,0
2026-05-15 11:18:33,PLC,0,Cmd405,10004,0,0,0,0,0,0,0,0,0
2026-05-15 11:38:50,PLC,0,Cmd421,22,9,16386,0,0,0,0,2001,1,134
2026-05-15 11:39:02,PLC,0,Cmd413,0,0,0,0,0,0,0,0,0,0
2026-05-15 11:42:39,PLC,0,Cmd405,10004,0,0,0,0,0,0,0,0,0
2026-05-15 12:05:07,PLC,0,Cmd101,0,0,0,0,0,0,0,0,0,0
2026-05-15 12:10:16,PLC,0,Cmd421,50,62,57346,1,1,0,0,2001,1,86
2026-05-15 12:10:29,PLC,0,Cmd413,0,0,0,0,0,0,0,0,0,0
2026-05-15 12:10:35,PLC,0,Cmd421,51,62,57346,1,1,0,0,2001,1,86
2026-05-15 12:10:39,PLC,0,Cmd413,0,0,0,0,0,0,0,0,0,0
2026-05-15 12:11:24,PLC,0,Cmd405,10004,0,0,0,0,0,0,0,0,0
2026-05-15 12:26:08,PLC,0,Cmd421,56,154,49152,1535,255,0,0,2002,1,194
2026-05-15 12:26:21,PLC,0,Cmd413,0,0,0,0,0,0,0,0,0,0
2026-05-15 12:28:27,PLC,0,Cmd405,10004,0,0,0,0,0,0,0,0,0
2026-05-15 12:31:15,PLC,0,Cmd421,50,154,24578,0,0,0,0,2002,1,195
2026-05-15 12:31:20,PLC,0,Cmd413,0,0,0,0,0,0,0,0,0,0
2026-05-15 12:32:03,PLC,0,Cmd421,51,154,24578,0,0,0,0,2002,1,195
2026-05-15 12:32:07,PLC,0,Cmd413,0,0,0,0,0,0,0,0,0,0
2026-05-15 12:34:32,PLC,0,Cmd405,10004,0,0,0,0,0,0,0,0,0
2026-05-15 13:36:27,PLC,0,Cmd111,0,0,0,0,0,0,0,0,0,0
2026-05-15 13:36:27,PLC,0,Cmd303,0,0,0,0,0,0,0,0,0,0
2026-05-15 13:36:28,PLC,0,Cmd140,0,0,0,0,0,0,0,0,0,0
2026-05-15 15:41:37,PLC,0,Cmd141,0,0,0,0,0,0,0,0,0,0
2026-05-15 15:41:38,PLC,0,Cmd106,0,0,0,0,0,0,0,0,0,0
2026-05-15 15:41:39,PLC,0,Cmd1,0,0,0,0,0,0,0,0,0,0
2026-05-15 15:41:39,PLC,0,Cmd101,0,0,0,0,0,0,0,0,0,0
2026-05-15 15:41:40,PLC,0,Cmd101,0,0,0,0,0,0,0,0,0,0
2026-05-15 15:41:42,PLC,0,Cmd107,0,0,0,0,0,0,0,0,0,0
2026-05-15 15:41:43,PLC,0,Cmd302,0,0,0,0,0,0,0,0,0,0
2026-05-15 15:41:44,PLC,0,Cmd101,0,0,0,0,0,0,0,0,0,0
2026-05-15 15:41:45,PLC,0,Cmd101,0,0,0,0,0,0,0,0,0,0
2026-05-15 15:45:49,PLC,0,Cmd101,0,0,0,0,0,0,0,0,0,0
2026-05-15 15:45:51,PLC,0,Cmd101,0,0,0,0,0,0,0,0,0,0
2026-05-15 15:47:10,PLC,0,Cmd101,0,0,0,0,0,0,0,0,0,0
2026-05-15 15:47:11,PLC,0,Cmd101,0,0,0,0,0,0,0,0,0,0
2026-05-15 15:47:12,PLC,0,Cmd101,0,0,0,0,0,0,0,0,0,0
2026-05-15 15:47:42,PLC,0,Cmd101,0,0,0,0,0,0,0,0,0,0
2026-05-15 16:16:06,PLC,0,Cmd102,0,0,0,0,0,0,0,0,0,0
2026-05-15 17:18:50,PLC,0,Cmd101,0,0,0,0,0,0,0,0,0,0
2026-05-15 17:18:51,PLC,0,Cmd101,0,0,0,0,0,0,0,0,0,0
2026-05-15 17:18:53,PLC,0,Cmd101,0,0,0,0,0,0,0,0,0,0
2026-05-15 17:19:21,PLC,0,Cmd302,0,0,0,0,0,0,0,0,0,0
2026-05-15 17:19:21,PLC,0,Cmd101,0,0,0,0,0,0,0,0,0,0
2026-05-15 17:19:24,PLC,0,Cmd107,0,0,0,0,0,0,0,0,0,0
2026-05-15 17:19:24,RPD,0,Cmd302,0,0,0,0,0,0,0,0,0,0
2026-05-15 17:19:31,PLC,0,Cmd405,10005,0,0,0,0,0,0,0,0,0
2026-05-15 17:38:17,PLC,0,Cmd303,0,0,0,0,0,0,0,0,0,0
2026-05-16 08:51:35,PLC,0,Cmd140,0,0,0,0,0,0,0,0,0,0
2026-05-17 22:37:19,PLC,0,Cmd101,0,0,0,0,0,0,0,0,0,0
2026-05-17 22:37:21,PLC,0,Cmd141,0,0,0,0,0,0,0,0,0,0
2026-05-17 22:37:21,PLC,0,Cmd101,0,0,0,0,0,0,0,0,0,0
2026-05-17 22:37:22,PLC,0,Cmd106,0,0,0,0,0,0,0,0,0,0
2026-05-17 22:37:23,PLC,0,Cmd1,0,0,0,0,0,0,0,0,0,0
2026-05-17 22:37:24,PLC,0,Cmd101,0,0,0,0,0,0,0,0,0,0
2026-05-17 22:37:24,PLC,0,Cmd302,0,0,0,0,0,0,0,0,0,0
2026-05-17 22:37:26,PLC,0,Cmd107,0,0,0,0,0,0,0,0,0,0
2026-05-17 22:37:26,RPD,0,Cmd302,0,0,0,0,0,0,0,0,0,0
2026-05-17 22:37:32,PLC,0,Cmd405,10001,0,0,0,0,0,0,0,0,0
2026-05-17 22:39:25,PLC,0,Cmd111,0,0,0,0,0,0,0,0,0,0
2026-05-17 22:39:25,PLC,0,Cmd303,0,0,0,0,0,0,0,0,0,0
2026-05-17 22:39:26,PLC,0,Cmd140,0,0,0,0,0,0,0,0,0,0
2026-05-18 00:39:32,PLC,0,Cmd141,0,0,0,0,0,0,0,0,0,0
2026-05-18 00:39:32,PLC,0,Cmd101,0,0,0,0,0,0,0,0,0,0
2026-05-18 00:39:33,PLC,0,Cmd106,0,0,0,0,0,0,0,0,0,0
2026-05-18 00:39:34,PLC,0,Cmd1,0,0,0,0,0,0,0,0,0,0
2026-05-18 00:39:35,PLC,0,Cmd101,0,0,0,0,0,0,0,0,0,0
2026-05-18 00:39:52,PLC,0,Cmd101,0,0,0,0,0,0,0,0,0,0
2026-05-18 00:39:52,PLC,0,Cmd302,0,0,0,0,0,0,0,0,0,0
2026-05-18 00:39:54,PLC,0,Cmd107,0,0,0,0,0,0,0,0,0,0
2026-05-18 00:39:54,RPD,0,Cmd302,0,0,0,0,0,0,0,0,0,0
2026-05-18 01:01:36,PLC,0,Cmd111,0,0,0,0,0,0,0,0,0,0
2026-05-18 01:01:37,PLC,0,Cmd303,0,0,0,0,0,0,0,0,0,0
2026-05-18 01:01:37,PLC,0,Cmd102,0,0,0,0,0,0,0,0,0,0
2026-05-18 01:01:38,PLC,0,Cmd2,0,0,0,0,0,0,0,0,0,0
2026-05-18 02:00:24,PLC,0,Cmd101,0,0,0,0,0,0,0,0,0,0
2026-05-18 02:00:27,RA2,0,Cmd103,0,0,0,0,0,0,0,0,0,0
2026-05-18 02:00:33,RA2,0,Cmd302,0,0,0,0,0,0,0,0,0,0
2026-05-18 02:01:00,RA2,0,Cmd421,0,8,0,0,0,0,0,2001,1,0
2026-05-18 03:23:31,RA2,0,Cmd101,0,0,0,0,0,0,0,0,0,0
2026-05-18 03:23:31,RA2,0,Cmd101,0,0,0,0,0,0,0,0,0,0
2026-05-18 03:23:31,RA2,0,Cmd101,0,0,0,0,0,0,0,0,0,0
2026-05-18 03:23:36,RA2,-4,Cmd103,0,0,0,0,0,0,0,0,0,0
2026-05-18 03:23:36,RA2,0,Cmd302,0,0,0,0,0,0,0,0,0,0
2026-05-18 03:23:41,RA2,-4,Cmd110,0,0,0,0,0,0,0,0,0,0
2026-05-18 03:23:41,PLC,0,Cmd101,0,0,0,0,0,0,0,0,0,0
2026-05-18 03:23:42,RA2,0,Cmd110,0,0,0,0,0,0,0,0,0,0
2026-05-18 03:23:42,RA2,0,Cmd103,0,0,0,0,0,0,0,0,0,0
2026-05-18 03:23:42,RA2,0,Cmd110,0,0,0,0,0,0,0,0,0,0
2026-05-18 03:23:45,RA2,0,Cmd421,10008,0,0,0,0,1,0,0,1,0
2026-05-18 03:23:46,RA2,0,Cmd421,10008,0,0,0,0,1,0,0,1,0
2026-05-18 03:24:48,PLC,0,Cmd101,0,0,0,0,0,0,0,0,0,0
2026-05-18 03:24:49,PLC,0,Cmd101,0,0,0,0,0,0,0,0,0,0
2026-05-18 03:24:55,RA2,-4,Cmd103,0,0,0,0,0,0,0,0,0,0
2026-05-18 03:24:55,RA2,0,Cmd302,0,0,0,0,0,0,0,0,0,0
2026-05-18 03:24:59,RA2,-4,Cmd110,0,0,0,0,0,0,0,0,0,0
2026-05-18 03:25:03,RA2,-4,Cmd110,0,0,0,0,0,0,0,0,0,0
2026-05-18 03:25:03,RA2,0,Cmd302,0,0,0,0,0,0,0,0,0,0
2026-05-18 03:25:07,RA2,-4,Cmd103,0,0,0,0,0,0,0,0,0,0
2026-05-18 03:25:08,RA2,0,Cmd101,0,0,0,0,0,0,0,0,0,0
2026-05-18 03:25:08,RA2,0,Cmd101,0,0,0,0,0,0,0,0,0,0
2026-05-18 03:25:12,RA2,-4,Cmd110,0,0,0,0,0,0,0,0,0,0
2026-05-18 03:25:16,RA2,-4,Cmd110,0,0,0,0,0,0,0,0,0,0
2026-05-18 03:25:20,RA2,-4,Cmd103,0,0,0,0,0,0,0,0,0,0
2026-05-18 03:25:24,RA2,-4,Cmd103,0,0,0,0,0,0,0,0,0,0
2026-05-18 03:25:25,RA2,0,Cmd101,0,0,0,0,0,0,0,0,0,0
2026-05-18 03:25:26,RA2,0,Cmd103,0,0,0,0,0,0,0,0,0,0
2026-05-18 03:25:26,RA2,0,Cmd110,0,0,0,0,0,0,0,0,0,0
2026-05-18 03:25:26,RA2,0,Cmd110,0,0,0,0,0,0,0,0,0,0
2026-05-18 03:25:26,RA2,0,Cmd103,0,0,0,0,0,0,0,0,0,0
2026-05-18 03:25:26,RA2,0,Cmd110,0,0,0,0,0,0,0,0,0,0
2026-05-18 03:25:37,RA2,0,Cmd421,10008,0,0,0,0,1,0,0,1,0
2026-05-18 04:04:10,PLC,0,Cmd106,0,0,0,0,0,0,0,0,0,0
2026-05-18 04:04:10,PLC,0,Cmd1,0,0,0,0,0,0,0,0,0,0
2026-05-18 04:04:12,PLC,0,Cmd302,0,0,0,0,0,0,0,0,0,0
2026-05-18 04:04:13,PLC,0,Cmd101,0,0,0,0,0,0,0,0,0,0
2026-05-18 04:04:15,PLC,0,Cmd107,0,0,0,0,0,0,0,0,0,0
2026-05-18 04:04:15,RPD,0,Cmd302,0,0,0,0,0,0,0,0,0,0
2026-05-18 04:04:16,PLC,0,Cmd101,0,0,0,0,0,0,0,0,0,0
2026-05-18 04:05:02,PLC,0,Cmd107,1,0,0,0,0,0,0,0,0,0
2026-05-18 04:05:02,RPD,0,Cmd302,0,0,0,0,0,0,0,0,0,0
2026-05-18 04:05:06,PLC,0,Cmd421,51,8,16386,0,1022,0,0,2001,1,15653
2026-05-18 04:05:25,PLC,0,Cmd413,0,0,0,0,0,0,0,0,0,0
2026-05-18 04:06:12,PLC,0,Cmd102,0,0,0,0,0,0,0,0,0,0
2026-05-18 04:06:43,PLC,0,Cmd107,0,0,0,0,0,0,0,0,0,0
2026-05-18 04:06:43,RPD,0,Cmd302,0,0,0,0,0,0,0,0,0,0
2026-05-18 04:07:07,PLC,0,Cmd102,0,0,0,0,0,0,0,0,0,0
2026-05-18 04:07:32,PLC,0,Cmd111,0,0,0,0,0,0,0,0,0,0
2026-05-18 04:07:32,PLC,0,Cmd303,0,0,0,0,0,0,0,0,0,0
2026-05-18 04:07:33,PLC,0,Cmd102,0,0,0,0,0,0,0,0,0,0
2026-05-18 04:07:33,PLC,0,Cmd2,0,0,0,0,0,0,0,0,0,0
2026-05-18 04:07:43,PLC,0,Cmd1,0,0,0,0,0,0,0,0,0,0
2026-05-18 04:07:44,PLC,0,Cmd302,0,0,0,0,0,0,0,0,0,0
2026-05-18 04:07:47,PLC,0,Cmd101,0,0,0,0,0,0,0,0,0,0
2026-05-18 04:07:49,PLC,0,Cmd107,0,0,0,0,0,0,0,0,0,0
2026-05-18 04:07:49,RPD,0,Cmd302,0,0,0,0,0,0,0,0,0,0
2026-05-18 04:09:06,PLC,0,Cmd405,10004,0,0,0,0,0,0,0,0,0
2026-05-18 04:10:20,PLC,0,Cmd421,26,8,49153,941,764,0,0,2001,1,15654
2026-05-18 04:10:40,PLC,0,Cmd413,0,0,0,0,0,0,0,0,0,0
2026-05-18 04:14:06,PLC,0,Cmd405,10004,0,0,0,0,0,0,0,0,0
2026-05-18 04:15:06,PLC,0,Cmd107,1,0,0,0,0,0,0,0,0,0
2026-05-18 04:15:06,RPD,0,Cmd302,0,0,0,0,0,0,0,0,0,0
2026-05-18 04:51:16,PLC,0,Cmd101,0,0,0,0,0,0,0,0,0,0
2026-05-18 05:23:55,PLC,0,Cmd111,0,0,0,0,0,0,0,0,0,0
2026-05-18 05:23:55,PLC,0,Cmd303,0,0,0,0,0,0,0,0,0,0
2026-05-18 05:23:56,PLC,0,Cmd140,0,0,0,0,0,0,0,0,0,0
2026-05-18 05:50:42,PLC,0,Cmd101,0,0,0,0,0,0,0,0,0,0
2026-05-18 05:50:44,PLC,0,Cmd141,0,0,0,0,0,0,0,0,0,0
2026-05-18 05:50:44,PLC,0,Cmd101,0,0,0,0,0,0,0,0,0,0
2026-05-18 05:50:45,PLC,0,Cmd106,0,0,0,0,0,0,0,0,0,0
2026-05-18 05:50:46,PLC,0,Cmd1,0,0,0,0,0,0,0,0,0,0
2026-05-18 05:50:46,PLC,0,Cmd302,0,0,0,0,0,0,0,0,0,0
2026-05-18 05:50:48,PLC,0,Cmd107,0,0,0,0,0,0,0,0,0,0
2026-05-18 05:50:48,RPD,0,Cmd302,0,0,0,0,0,0,0,0,0,0
2026-05-18 05:50:53,PLC,0,Cmd107,1,0,0,0,0,0,0,0,0,0
2026-05-18 05:50:53,RPD,0,Cmd302,0,0,0,0,0,0,0,0,0,0
2026-05-18 06:31:07,PLC,0,Cmd421,22,20,16386,0,0,0,0,2001,1,37
2026-05-18 06:31:19,PLC,0,Cmd413,0,0,0,0,0,0,0,0,0,0
2026-05-18 06:34:54,PLC,0,Cmd405,10004,0,0,0,0,0,0,0,0,0
2026-05-18 06:39:55,PLC,0,Cmd421,22,27,16386,0,0,0,0,2002,1,105
2026-05-18 06:40:08,PLC,0,Cmd413,0,0,0,0,0,0,0,0,0,0
2026-05-18 06:43:42,PLC,0,Cmd405,10004,0,0,0,0,0,0,0,0,0
2026-05-18 07:37:26,PLC,0,Cmd421,26,105,49152,1333,654,0,0,2001,1,113
2026-05-18 07:37:38,PLC,0,Cmd413,0,0,0,0,0,0,0,0,0,0
2026-05-18 07:40:21,PLC,0,Cmd405,10004,0,0,0,0,0,0,0,0,0
2026-05-18 09:02:12,PLC,0,Cmd421,22,102,16386,0,0,0,0,2002,1,153
2026-05-18 09:02:25,PLC,0,Cmd413,0,0,0,0,0,0,0,0,0,0
2026-05-18 09:05:59,PLC,0,Cmd405,10004,0,0,0,0,0,0,0,0,0
2026-05-18 09:07:05,PLC,0,Cmd421,22,96,16386,0,0,0,0,2003,1,244
2026-05-18 09:07:18,PLC,0,Cmd413,0,0,0,0,0,0,0,0,0,0
2026-05-18 09:10:52,PLC,0,Cmd405,10004,0,0,0,0,0,0,0,0,0
2026-05-18 09:18:17,PLC,0,Cmd421,22,145,49216,0,1920,0,0,2001,1,144
2026-05-18 09:18:29,PLC,0,Cmd413,0,0,0,0,0,0,0,0,0,0
2026-05-18 09:20:16,PLC,0,Cmd405,10004,0,0,0,0,0,0,0,0,0
2026-05-18 10:21:53,PLC,0,Cmd421,50,16,24577,0,0,0,0,2001,1,24
2026-05-18 10:22:06,PLC,0,Cmd413,0,0,0,0,0,0,0,0,0,0
2026-05-18 10:22:49,PLC,0,Cmd421,51,16,24577,0,0,0,0,2001,1,24
2026-05-18 10:22:53,PLC,0,Cmd413,0,0,0,0,0,0,0,0,0,0
2026-05-18 10:24:59,PLC,0,Cmd405,10004,0,0,0,0,0,0,0,0,0
2026-05-18 10:38:56,PLC,0,Cmd421,26,9,49152,32,520,0,0,2002,1,240
2026-05-18 10:39:08,PLC,0,Cmd413,0,0,0,0,0,0,0,0,0,0
2026-05-18 10:41:01,PLC,0,Cmd405,10004,0,0,0,0,0,0,0,0,0
2026-05-18 10:45:50,PLC,0,Cmd421,50,97,24584,0,0,0,0,2003,1,33
2026-05-18 10:46:03,PLC,0,Cmd413,0,0,0,0,0,0,0,0,0,0
2026-05-18 10:46:47,PLC,0,Cmd421,51,97,24584,0,0,0,0,2003,1,33
2026-05-18 10:46:51,PLC,0,Cmd413,0,0,0,0,0,0,0,0,0,0
2026-05-18 10:49:15,PLC,0,Cmd405,10004,0,0,0,0,0,0,0,0,0
2026-05-18 11:37:40,PLC,0,Cmd421,22,12,16386,0,0,0,0,2001,1,57
2026-05-18 11:37:52,PLC,0,Cmd413,0,0,0,0,0,0,0,0,0,0
2026-05-18 11:41:26,PLC,0,Cmd405,10004,0,0,0,0,0,0,0,0,0
2026-05-18 11:48:22,PLC,0,Cmd421,22,105,16386,0,0,0,0,2002,1,149
2026-05-18 11:48:34,PLC,0,Cmd413,0,0,0,0,0,0,0,0,0,0
2026-05-18 11:51:30,PLC,0,Cmd101,0,0,0,0,0,0,0,0,0,0
2026-05-18 11:52:09,PLC,0,Cmd405,10004,0,0,0,0,0,0,0,0,0
2026-05-18 12:32:43,PLC,0,Cmd421,22,146,49216,0,1920,0,0,2001,1,144
2026-05-18 12:32:56,PLC,0,Cmd413,0,0,0,0,0,0,0,0,0,0
2026-05-18 12:34:42,PLC,0,Cmd405,10004,0,0,0,0,0,0,0,0,0
2026-05-18 12:39:33,PLC,0,Cmd421,26,102,49152,1981,17146,0,0,2002,1,180
2026-05-18 12:39:45,PLC,0,Cmd413,0,0,0,0,0,0,0,0,0,0
2026-05-18 12:43:39,PLC,0,Cmd405,10004,0,0,0,0,0,0,0,0,0
2026-05-18 13:31:51,PLC,0,Cmd111,0,0,0,0,0,0,0,0,0,0
2026-05-18 13:31:51,PLC,0,Cmd303,0,0,0,0,0,0,0,0,0,0
2026-05-18 13:31:52,PLC,0,Cmd140,0,0,0,0,0,0,0,0,0,0
2026-05-18 14:00:11,PLC,0,Cmd141,0,0,0,0,0,0,0,0,0,0
2026-05-18 14:00:12,PLC,0,Cmd101,0,0,0,0,0,0,0,0,0,0
2026-05-18 14:00:12,PLC,0,Cmd106,0,0,0,0,0,0,0,0,0,0
2026-05-18 14:00:13,PLC,0,Cmd101,0,0,0,0,0,0,0,0,0,0
2026-05-18 14:00:14,PLC,0,Cmd1,0,0,0,0,0,0,0,0,0,0
2026-05-18 14:00:15,PLC,0,Cmd101,0,0,0,0,0,0,0,0,0,0
2026-05-18 14:00:18,PLC,0,Cmd101,0,0,0,0,0,0,0,0,0,0
2026-05-18 14:00:26,PLC,0,Cmd101,0,0,0,0,0,0,0,0,0,0
2026-05-18 14:00:27,PLC,0,Cmd302,0,0,0,0,0,0,0,0,0,0
2026-05-18 14:00:29,PLC,0,Cmd107,0,0,0,0,0,0,0,0,0,0
2026-05-18 14:00:29,RPD,0,Cmd302,0,0,0,0,0,0,0,0,0,0
2026-05-18 14:00:30,PLC,0,Cmd101,0,0,0,0,0,0,0,0,0,0
2026-05-18 14:00:31,PLC,0,Cmd107,0,0,0,0,0,0,0,0,0,0
2026-05-18 14:00:31,RPD,0,Cmd302,0,0,0,0,0,0,0,0,0,0
2026-05-18 14:05:47,PLC,0,Cmd421,26,20,49152,309,648,0,0,2001,1,67
2026-05-18 14:06:00,PLC,0,Cmd413,0,0,0,0,0,0,0,0,0,0
2026-05-18 14:08:21,PLC,0,Cmd405,10004,0,0,0,0,0,0,0,0,0
2026-05-18 14:08:47,PLC,0,Cmd421,26,99,49152,1056,648,0,0,2002,1,2
2026-05-18 14:09:20,PLC,0,Cmd413,0,0,0,0,0,0,0,0,0,0
2026-05-18 14:11:35,PLC,0,Cmd405,10004,0,0,0,0,0,0,0,0,0
2026-05-18 14:14:37,PLC,0,Cmd421,22,99,16448,0,0,0,0,2002,1,232
2026-05-18 14:14:42,PLC,0,Cmd413,0,0,0,0,0,0,0,0,0,0
2026-05-18 14:18:16,PLC,0,Cmd405,10004,0,0,0,0,0,0,0,0,0
2026-05-18 14:18:49,PLC,0,Cmd421,26,34,49152,1333,654,0,0,2003,1,101
2026-05-18 14:19:15,PLC,0,Cmd413,0,0,0,0,0,0,0,0,0,0
2026-05-18 14:21:57,PLC,0,Cmd405,10004,0,0,0,0,0,0,0,0,0
2026-05-18 14:49:19,PLC,0,Cmd303,0,0,0,0,0,0,0,0,0,0
2026-05-18 15:06:04,PLC,0,Cmd101,0,0,0,0,0,0,0,0,0,0
2026-05-18 15:06:04,PLC,0,Cmd302,0,0,0,0,0,0,0,0,0,0
2026-05-18 15:06:06,PLC,0,Cmd107,0,0,0,0,0,0,0,0,0,0
2026-05-18 15:06:06,RPD,0,Cmd302,0,0,0,0,0,0,0,0,0,0
2026-05-18 15:06:07,PLC,0,Cmd101,0,0,0,0,0,0,0,0,0,0
2026-05-18 15:06:27,PLC,0,Cmd421,26,159,49152,32,648,0,0,2001,1,22
2026-05-18 15:06:39,PLC,0,Cmd413,0,0,0,0,0,0,0,0,0,0
2026-05-18 15:08:38,PLC,0,Cmd405,10004,0,0,0,0,0,0,0,0,0
2026-05-18 15:11:21,PLC,0,Cmd421,22,159,16386,0,0,0,0,2001,1,51
2026-05-18 15:11:25,PLC,0,Cmd413,0,0,0,0,0,0,0,0,0,0
2026-05-18 15:14:59,PLC,0,Cmd405,10004,0,0,0,0,0,0,0,0,0
2026-05-18 15:50:22,PLC,0,Cmd421,22,9,16448,0,0,0,0,2001,1,219
2026-05-18 15:50:35,PLC,0,Cmd413,0,0,0,0,0,0,0,0,0,0
2026-05-18 15:54:09,PLC,0,Cmd405,10004,0,0,0,0,0,0,0,0,0
2026-05-18 15:54:35,PLC,0,Cmd421,26,158,49152,32,0,0,0,3001,1,169
2026-05-18 15:55:09,PLC,0,Cmd413,0,0,0,0,0,0,0,0,0,0
2026-05-18 15:57:02,PLC,0,Cmd405,10004,0,0,0,0,0,0,0,0,0
2026-05-18 17:29:16,PLC,0,Cmd421,56,34,49152,1535,255,0,0,2001,1,46
2026-05-18 17:29:30,PLC,0,Cmd413,0,0,0,0,0,0,0,0,0,0
2026-05-18 17:31:36,PLC,0,Cmd405,10004,0,0,0,0,0,0,0,0,0
2026-05-18 17:41:00,PLC,0,Cmd421,50,34,24578,0,0,0,0,2001,1,139
2026-05-18 17:41:04,PLC,0,Cmd413,0,0,0,0,0,0,0,0,0,0
2026-05-18 17:41:48,PLC,0,Cmd421,51,34,24578,0,0,0,0,2001,1,139
2026-05-18 17:41:52,PLC,0,Cmd413,0,0,0,0,0,0,0,0,0,0
2026-05-18 17:44:16,PLC,0,Cmd405,10004,0,0,0,0,0,0,0,0,0
2026-05-18 17:57:17,PLC,0,Cmd421,50,97,57352,131,1283,0,0,2002,1,33
2026-05-18 17:57:30,PLC,0,Cmd413,0,0,0,0,0,0,0,0,0,0
2026-05-18 17:57:35,PLC,0,Cmd421,51,97,57352,131,1283,0,0,2002,1,33
2026-05-18 17:57:39,PLC,0,Cmd413,0,0,0,0,0,0,0,0,0,0
2026-05-18 17:59:29,PLC,0,Cmd405,10004,0,0,0,0,0,0,0,0,0
2026-05-18 18:07:04,PLC,0,Cmd421,22,20,16386,0,0,0,0,2003,1,163
2026-05-18 18:07:17,PLC,0,Cmd413,0,0,0,0,0,0,0,0,0,0
2026-05-18 18:10:51,PLC,0,Cmd405,10004,0,0,0,0,0,0,0,0,0
2026-05-18 18:14:13,PLC,0,Cmd421,22,34,16386,0,0,0,0,2001,1,29
2026-05-18 18:14:26,PLC,0,Cmd413,0,0,0,0,0,0,0,0,0,0
2026-05-18 18:18:00,PLC,0,Cmd405,10004,0,0,0,0,0,0,0,0,0
2026-05-18 18:23:01,PLC,0,Cmd421,22,102,16386,0,0,0,0,2002,1,218
2026-05-18 18:23:13,PLC,0,Cmd413,0,0,0,0,0,0,0,0,0,0
2026-05-18 18:26:48,PLC,0,Cmd405,10004,0,0,0,0,0,0,0,0,0
2026-05-18 18:40:16,PLC,0,Cmd303,0,0,0,0,0,0,0,0,0,0
2026-05-18 18:46:33,PLC,0,Cmd101,0,0,0,0,0,0,0,0,0,0
2026-05-18 18:46:34,PLC,0,Cmd302,0,0,0,0,0,0,0,0,0,0
2026-05-18 18:46:35,PLC,0,Cmd101,0,0,0,0,0,0,0,0,0,0
2026-05-18 18:46:37,PLC,0,Cmd107,0,0,0,0,0,0,0,0,0,0
2026-05-18 18:46:37,RPD,0,Cmd302,0,0,0,0,0,0,0,0,0,0
2026-05-18 19:15:01,PLC,0,Cmd421,26,159,49152,32,0,0,0,2001,1,169
2026-05-18 19:15:14,PLC,0,Cmd413,0,0,0,0,0,0,0,0,0,0
2026-05-18 19:17:06,PLC,0,Cmd405,10004,0,0,0,0,0,0,0,0,0
2026-05-18 19:29:27,PLC,0,Cmd421,50,27,57346,128,256,0,0,2002,1,12
2026-05-18 19:29:39,PLC,0,Cmd413,0,0,0,0,0,0,0,0,0,0
2026-05-18 19:29:44,PLC,0,Cmd421,51,27,57346,128,256,0,0,2002,1,12
2026-05-18 19:29:49,PLC,0,Cmd413,0,0,0,0,0,0,0,0,0,0
2026-05-18 19:30:44,PLC,0,Cmd405,10004,0,0,0,0,0,0,0,0,0
2026-05-18 19:50:59,PLC,0,Cmd421,26,35,49152,1333,654,0,0,2001,1,101
2026-05-18 19:51:12,PLC,0,Cmd413,0,0,0,0,0,0,0,0,0,0
2026-05-18 19:53:54,PLC,0,Cmd405,10004,0,0,0,0,0,0,0,0,0
2026-05-18 20:08:09,PLC,0,Cmd421,22,20,16386,0,0,0,0,2002,1,37
2026-05-18 20:08:22,PLC,0,Cmd413,0,0,0,0,0,0,0,0,0,0
2026-05-18 20:11:56,PLC,0,Cmd405,10004,0,0,0,0,0,0,0,0,0
2026-05-18 20:12:22,PLC,0,Cmd421,26,41,53248,32,136,0,0,2003,1,106
2026-05-18 20:12:56,PLC,0,Cmd413,0,0,0,0,0,0,0,0,0,0
2026-05-18 20:14:50,PLC,0,Cmd405,10004,0,0,0,0,0,0,0,0,0
2026-05-18 20:17:58,PLC,0,Cmd421,22,41,20544,0,0,0,0,2003,1,171
2026-05-18 20:18:02,PLC,0,Cmd413,0,0,0,0,0,0,0,0,0,0
2026-05-18 20:21:37,PLC,0,Cmd405,10004,0,0,0,0,0,0,0,0,0
2026-05-18 20:47:14,PLC,0,Cmd421,26,20,49152,1333,652,0,0,2001,1,102
2026-05-18 20:47:26,PLC,0,Cmd413,0,0,0,0,0,0,0,0,0,0
2026-05-18 20:50:09,PLC,0,Cmd405,10004,0,0,0,0,0,0,0,0,0
2026-05-18 20:51:01,PLC,0,Cmd421,26,55,49152,32,648,0,0,2002,1,175
2026-05-18 20:51:14,PLC,0,Cmd413,0,0,0,0,0,0,0,0,0,0
2026-05-18 20:53:12,PLC,0,Cmd405,10004,0,0,0,0,0,0,0,0,0
2026-05-18 20:56:02,PLC,0,Cmd421,22,55,16448,0,0,0,0,2002,1,133
2026-05-18 20:56:06,PLC,0,Cmd413,0,0,0,0,0,0,0,0,0,0
2026-05-18 20:59:40,PLC,0,Cmd405,10004,0,0,0,0,0,0,0,0,0
2026-05-18 21:40:17,PLC,0,Cmd421,26,112,49152,289,648,0,0,2001,1,186
2026-05-18 21:40:29,PLC,0,Cmd413,0,0,0,0,0,0,0,0,0,0
2026-05-18 21:42:38,PLC,0,Cmd405,10004,0,0,0,0,0,0,0,0,0
2026-05-18 21:46:42,PLC,0,Cmd421,22,112,16386,0,0,0,0,2001,1,103
2026-05-18 21:46:46,PLC,0,Cmd413,0,0,0,0,0,0,0,0,0,0
2026-05-18 21:50:20,PLC,0,Cmd405,10004,0,0,0,0,0,0,0,0,0
2026-05-18 22:19:16,PLC,0,Cmd421,56,35,49152,1535,255,0,0,2001,1,46
2026-05-18 22:19:29,PLC,0,Cmd413,0,0,0,0,0,0,0,0,0,0
2026-05-18 22:21:41,PLC,0,Cmd405,10004,0,0,0,0,0,0,0,0,0
2026-05-18 22:37:14,PLC,0,Cmd102,0,0,0,0,0,0,0,0,0,0
2026-05-18 22:41:42,PLC,0,Cmd101,0,0,0,0,0,0,0,0,0,0
2026-05-18 22:41:45,PLC,0,Cmd101,0,0,0,0,0,0,0,0,0,0
2026-05-18 22:41:46,PLC,0,Cmd101,0,0,0,0,0,0,0,0,0,0
2026-05-18 22:42:13,PLC,0,Cmd101,0,0,0,0,0,0,0,0,0,0
2026-05-18 22:42:15,PLC,0,Cmd107,0,0,0,0,0,0,0,0,0,0
2026-05-18 22:42:15,RPD,0,Cmd302,0,0,0,0,0,0,0,0,0,0
2026-05-18 22:42:23,PLC,0,Cmd107,1,0,0,0,0,0,0,0,0,0
2026-05-18 22:42:23,RPD,0,Cmd302,0,0,0,0,0,0,0,0,0,0
2026-05-18 22:42:25,PLC,0,Cmd107,1,0,0,0,0,0,0,0,0,0
2026-05-18 22:42:25,RPD,0,Cmd302,0,0,0,0,0,0,0,0,0,0
2026-05-18 22:53:49,PLC,0,Cmd421,50,35,24578,0,0,0,0,2001,1,139
2026-05-18 22:53:53,PLC,0,Cmd413,0,0,0,0,0,0,0,0,0,0
2026-05-18 22:54:36,PLC,0,Cmd421,51,35,24578,0,0,0,0,2001,1,139
2026-05-18 22:54:40,PLC,0,Cmd413,0,0,0,0,0,0,0,0,0,0
2026-05-18 22:57:05,PLC,0,Cmd405,10004,0,0,0,0,0,0,0,0,0
2026-05-18 23:14:24,PLC,0,Cmd421,26,137,53248,0,128,0,0,2002,1,201
2026-05-18 23:14:36,PLC,0,Cmd413,0,0,0,0,0,0,0,0,0,0
2026-05-18 23:16:01,PLC,0,Cmd405,10004,0,0,0,0,0,0,0,0,0
2026-05-18 23:34:24,PLC,0,Cmd421,22,35,16386,0,0,0,0,2001,1,29
2026-05-18 23:34:37,PLC,0,Cmd413,0,0,0,0,0,0,0,0,0,0
2026-05-18 23:38:11,PLC,0,Cmd405,10004,0,0,0,0,0,0,0,0,0
2026-05-18 23:40:23,PLC,0,Cmd421,26,112,49152,1983,17150,0,0,2003,1,231
2026-05-18 23:40:35,PLC,0,Cmd413,0,0,0,0,0,0,0,0,0,0
2026-05-18 23:44:29,PLC,0,Cmd405,10004,0,0,0,0,0,0,0,0,0
2026-05-18 23:48:59,PLC,0,Cmd421,56,20,49152,1534,254,0,0,2002,1,111
2026-05-18 23:49:12,PLC,0,Cmd413,0,0,0,0,0,0,0,0,0,0
2026-05-18 23:51:10,PLC,0,Cmd405,10004,0,0,0,0,0,0,0,0,0
2026-05-18 23:55:46,PLC,0,Cmd421,50,20,24640,0,0,0,0,2002,1,152
