2026-05-18 12:00:21,RPD,0,Cmd302,0,0,0,0,0,0,0,0,0,0
2026-05-18 12:00:23,PLC,0,Cmd101,0,0,0,0,0,0,0,0,0,0
2026-05-18 12:00:24,PLC,0,Cmd101,0,0,0,0,0,0,0,0,0,0
2026-05-18 12:04:32,PLC,0,Cmd421,22,4,16386,0,0,0,0,0,1,57
2026-05-18 12:04:36,PLC,0,Cmd413,0,0,0,0,0,0,0,0,0,0
2026-05-18 12:08:08,PLC,0,Cmd405,10004,0,0,0,0,0,0,0,0,0
2026-05-18 12:08:34,PLC,0,Cmd101,0,0,0,0,0,0,0,0,0,0
2026-05-18 12:08:34,PLC,0,Cmd314,0,0,0,0,0,0,0,0,0,0
2026-05-18 12:10:42,PLC,0,Cmd421,51,2,16386,0,0,0,0,0,1,52
2026-05-18 12:11:29,PLC,0,Cmd101,0,0,0,0,0,0,0,0,0,0
2026-05-18 12:11:30,PLC,0,Cmd314,0,0,0,0,0,0,0,0,0,0
2026-05-18 12:11:30,PLC,0,Cmd413,0,0,0,0,0,0,0,0,0,0
2026-05-18 12:13:44,PLC,0,Cmd102,0,0,0,0,0,0,0,0,0,0
2026-05-18 12:13:49,PLC,0,Cmd101,0,0,0,0,0,0,0,0,0,0
2026-05-18 12:13:50,PLC,0,Cmd101,0,0,0,0,0,0,0,0,0,0
2026-05-18 12:13:51,PLC,0,Cmd101,0,0,0,0,0,0,0,0,0,0
2026-05-18 12:13:52,PLC,0,Cmd107,0,0,0,0,0,0,0,0,0,0
2026-05-18 12:13:52,RPD,0,Cmd302,0,0,0,0,0,0,0,0,0,0
2026-05-18 12:13:53,PLC,0,Cmd101,0,0,0,0,0,0,0,0,0,0
2026-05-18 12:16:50,PLC,0,Cmd405,10004,0,0,0,0,0,0,0,0,0
2026-05-18 12:17:16,PLC,0,Cmd101,0,0,0,0,0,0,0,0,0,0
2026-05-18 12:17:17,PLC,0,Cmd314,0,0,0,0,0,0,0,0,0,0
2026-05-18 12:17:37,PLC,0,Cmd421,22,10,16386,0,0,0,0,0,1,149
2026-05-18 12:18:22,PLC,0,Cmd101,0,0,0,0,0,0,0,0,0,0
2026-05-18 12:18:23,PLC,0,Cmd314,0,0,0,0,0,0,0,0,0,0
2026-05-18 12:18:23,PLC,0,Cmd413,0,0,0,0,0,0,0,0,0,0
2026-05-18 12:21:54,PLC,0,Cmd405,10004,0,0,0,0,0,0,0,0,0
2026-05-18 12:22:20,PLC,0,Cmd101,0,0,0,0,0,0,0,0,0,0
2026-05-18 12:22:21,PLC,0,Cmd314,0,0,0,0,0,0,0,0,0,0
2026-05-18 12:23:07,PLC,0,Cmd101,0,0,0,0,0,0,0,0,0,0
2026-05-18 12:51:13,RPD,0,Cmd421,0,999,0,0,0,1,8,0,1,0
2026-05-18 12:51:32,PLC,0,Cmd101,0,0,0,0,0,0,0,0,0,0
2026-05-18 12:51:33,PLC,0,Cmd314,0,0,0,0,0,0,0,0,0,0
2026-05-18 12:56:30,PLC,0,Cmd421,22,10,49216,0,1920,0,0,0,1,144
2026-05-18 12:57:02,PLC,0,Cmd101,0,0,0,0,0,0,0,0,0,0
2026-05-18 12:57:03,PLC,0,Cmd314,0,0,0,0,0,0,0,0,0,0
2026-05-18 12:57:03,PLC,0,Cmd413,0,0,0,0,0,0,0,0,0,0
2026-05-18 12:58:51,PLC,0,Cmd405,10004,0,0,0,0,0,0,0,0,0
2026-05-18 12:59:17,PLC,0,Cmd101,0,0,0,0,0,0,0,0,0,0
2026-05-18 12:59:17,PLC,0,Cmd314,0,0,0,0,0,0,0,0,0,0
2026-05-18 13:01:51,PLC,0,Cmd421,26,2,49152,1981,17146,0,0,0,1,180
2026-05-18 13:02:38,PLC,0,Cmd101,0,0,0,0,0,0,0,0,0,0
2026-05-18 13:02:39,PLC,0,Cmd314,0,0,0,0,0,0,0,0,0,0
2026-05-18 13:02:39,PLC,0,Cmd413,0,0,0,0,0,0,0,0,0,0
2026-05-18 13:07:44,PLC,0,Cmd405,10004,0,0,0,0,0,0,0,0,0
2026-05-18 13:08:09,PLC,0,Cmd101,0,0,0,0,0,0,0,0,0,0
2026-05-18 13:08:10,PLC,0,Cmd314,0,0,0,0,0,0,0,0,0,0
2026-05-18 13:35:35,PLC,0,Cmd421,22,4,16386,0,0,0,0,0,1,163
2026-05-18 13:36:20,PLC,0,Cmd101,0,0,0,0,0,0,0,0,0,0
2026-05-18 13:36:20,PLC,0,Cmd314,0,0,0,0,0,0,0,0,0,0
2026-05-18 13:36:21,PLC,0,Cmd413,0,0,0,0,0,0,0,0,0,0
2026-05-18 13:38:20,PLC,0,Cmd102,0,0,0,0,0,0,0,0,0,0
2026-05-18 13:38:26,PLC,0,Cmd101,0,0,0,0,0,0,0,0,0,0
2026-05-18 13:38:27,PLC,0,Cmd101,0,0,0,0,0,0,0,0,0,0
2026-05-18 13:38:28,PLC,0,Cmd101,0,0,0,0,0,0,0,0,0,0
2026-05-18 13:38:35,PLC,0,Cmd101,0,0,0,0,0,0,0,0,0,0
2026-05-18 13:38:37,PLC,0,Cmd107,0,0,0,0,0,0,0,0,0,0
2026-05-18 13:38:37,RPD,0,Cmd302,0,0,0,0,0,0,0,0,0,0
2026-05-18 13:40:09,PLC,0,Cmd405,10004,0,0,0,0,0,0,0,0,0
2026-05-18 13:40:35,PLC,0,Cmd101,0,0,0,0,0,0,0,0,0,0
2026-05-18 13:40:36,PLC,0,Cmd314,0,0,0,0,0,0,0,0,0,0
2026-05-18 13:41:03,PLC,0,Cmd303,0,0,0,0,0,0,0,0,0,0
2026-05-18 13:41:03,PLC,0,Cmd101,0,0,0,0,0,0,0,0,0,0
2026-05-18 13:41:04,PLC,0,Cmd302,0,0,0,0,0,0,0,0,0,0
2026-05-18 13:41:04,PLC,0,Cmd315,0,0,0,0,0,0,0,0,0,0
2026-05-18 13:41:05,PLC,0,Cmd107,0,0,0,0,0,0,0,0,0,0
2026-05-18 13:41:05,RPD,0,Cmd302,0,0,0,0,0,0,0,0,0,0
2026-05-18 13:41:19,PLC,0,Cmd405,10014,0,0,0,0,0,0,0,0,0
2026-05-18 13:41:25,RPD,0,Cmd200,999,1,8,0,0,0,0,0,0,0
2026-05-18 13:41:26,RPD,0,Cmd201,0,0,0,0,0,0,0,0,0,0
2026-05-18 13:41:42,PLC,0,Cmd101,0,0,0,0,0,0,0,0,0,0
2026-05-18 13:41:42,PLC,0,Cmd314,0,0,0,0,0,0,0,0,0,0
2026-05-18 13:41:56,PLC,0,Cmd405,10007,0,0,0,0,0,0,0,0,0
2026-05-18 13:42:28,PLC,0,Cmd111,0,0,0,0,0,0,0,0,0,0
2026-05-18 13:42:28,PLC,0,Cmd315,0,0,0,0,0,0,0,0,0,0
2026-05-18 13:42:29,PLC,0,Cmd315,0,0,0,0,0,0,0,0,0,0
2026-05-18 13:42:29,PLC,0,Cmd303,0,0,0,0,0,0,0,0,0,0
2026-05-18 13:42:30,PLC,0,Cmd140,0,0,0,0,0,0,0,0,0,0
2026-05-18 13:56:49,PLC,0,Cmd141,0,0,0,0,0,0,0,0,0,0
2026-05-18 13:56:49,PLC,0,Cmd106,0,0,0,0,0,0,0,0,0,0
2026-05-18 13:56:50,PLC,0,Cmd1,0,0,0,0,0,0,0,0,0,0
2026-05-18 13:56:57,PLC,0,Cmd101,0,0,0,0,0,0,0,0,0,0
2026-05-18 13:56:57,PLC,0,Cmd302,0,0,0,0,0,0,0,0,0,0
2026-05-18 13:56:59,PLC,0,Cmd101,0,0,0,0,0,0,0,0,0,0
2026-05-18 13:57:00,PLC,0,Cmd101,0,0,0,0,0,0,0,0,0,0
2026-05-18 13:57:02,PLC,0,Cmd107,0,0,0,0,0,0,0,0,0,0
2026-05-18 13:57:02,RPD,0,Cmd302,0,0,0,0,0,0,0,0,0,0
2026-05-18 13:57:09,PLC,0,Cmd405,10001,0,0,0,0,0,0,0,0,0
2026-05-18 13:57:17,PLC,0,Cmd101,0,0,0,0,0,0,0,0,0,0
2026-05-18 13:57:18,PLC,0,Cmd314,0,0,0,0,0,0,0,0,0,0
2026-05-18 13:57:28,PLC,0,Cmd405,10004,0,0,0,0,0,0,0,0,0
2026-05-18 13:57:54,PLC,0,Cmd101,0,0,0,0,0,0,0,0,0,0
2026-05-18 13:57:54,PLC,0,Cmd314,0,0,0,0,0,0,0,0,0,0
2026-05-18 13:57:56,PLC,0,Cmd303,0,0,0,0,0,0,0,0,0,0
2026-05-18 13:57:56,PLC,0,Cmd315,0,0,0,0,0,0,0,0,0,0
2026-05-18 13:57:57,PLC,0,Cmd302,0,0,0,0,0,0,0,0,0,0
2026-05-18 13:57:57,PLC,0,Cmd101,0,0,0,0,0,0,0,0,0,0
2026-05-18 13:58:02,PLC,0,Cmd107,1,0,0,0,0,0,0,0,0,0
2026-05-18 13:58:02,RPD,0,Cmd302,0,0,0,0,0,0,0,0,0,0
2026-05-18 14:26:34,PLC,0,Cmd421,26,4,49152,309,648,0,0,0,1,67
2026-05-18 14:27:06,PLC,0,Cmd101,0,0,0,0,0,0,0,0,0,0
2026-05-18 14:27:07,PLC,0,Cmd314,0,0,0,0,0,0,0,0,0,0
2026-05-18 14:27:07,PLC,0,Cmd413,0,0,0,0,0,0,0,0,0,0
2026-05-18 14:29:54,PLC,0,Cmd405,10004,0,0,0,0,0,0,0,0,0
2026-05-18 14:30:20,PLC,0,Cmd101,0,0,0,0,0,0,0,0,0,0
2026-05-18 14:30:20,PLC,0,Cmd314,0,0,0,0,0,0,0,0,0,0
2026-05-18 14:32:50,PLC,0,Cmd421,26,10,49152,1056,648,0,0,0,1,2
2026-05-18 14:33:35,PLC,0,Cmd101,0,0,0,0,0,0,0,0,0,0
2026-05-18 14:33:36,PLC,0,Cmd314,0,0,0,0,0,0,0,0,0,0
2026-05-18 14:33:36,PLC,0,Cmd413,0,0,0,0,0,0,0,0,0,0
2026-05-18 14:35:45,PLC,0,Cmd102,0,0,0,0,0,0,0,0,0,0
2026-05-18 14:35:51,PLC,0,Cmd101,0,0,0,0,0,0,0,0,0,0
2026-05-18 14:35:52,PLC,0,Cmd101,0,0,0,0,0,0,0,0,0,0
2026-05-18 14:35:53,PLC,0,Cmd101,0,0,0,0,0,0,0,0,0,0
2026-05-18 14:35:55,PLC,0,Cmd107,0,0,0,0,0,0,0,0,0,0
2026-05-18 14:35:55,RPD,0,Cmd302,0,0,0,0,0,0,0,0,0,0
2026-05-18 14:35:59,PLC,0,Cmd405,10004,0,0,0,0,0,0,0,0,0
2026-05-18 14:36:25,PLC,0,Cmd101,0,0,0,0,0,0,0,0,0,0
2026-05-18 14:36:25,PLC,0,Cmd314,0,0,0,0,0,0,0,0,0,0
2026-05-18 14:43:59,PLC,0,Cmd421,22,10,16448,0,0,0,0,0,1,232
2026-05-18 14:44:03,PLC,0,Cmd413,0,0,0,0,0,0,0,0,0,0
2026-05-18 14:47:37,PLC,0,Cmd405,10004,0,0,0,0,0,0,0,0,0
2026-05-18 14:48:02,PLC,0,Cmd101,0,0,0,0,0,0,0,0,0,0
2026-05-18 14:48:03,PLC,0,Cmd314,0,0,0,0,0,0,0,0,0,0
2026-05-18 14:48:24,PLC,0,Cmd421,26,4,49152,1333,654,0,0,0,1,101
2026-05-18 14:49:10,PLC,0,Cmd101,0,0,0,0,0,0,0,0,0,0
2026-05-18 14:49:10,PLC,0,Cmd314,0,0,0,0,0,0,0,0,0,0
2026-05-18 14:49:11,PLC,0,Cmd413,0,0,0,0,0,0,0,0,0,0
2026-05-18 14:52:39,PLC,0,Cmd405,10004,0,0,0,0,0,0,0,0,0
2026-05-18 14:53:05,PLC,0,Cmd101,0,0,0,0,0,0,0,0,0,0
2026-05-18 14:53:05,PLC,0,Cmd314,0,0,0,0,0,0,0,0,0,0
2026-05-18 15:00:15,PLC,0,Cmd421,22,4,16385,0,0,0,0,0,1,147
2026-05-18 15:00:19,PLC,0,Cmd413,0,0,0,0,0,0,0,0,0,0
2026-05-18 15:03:50,PLC,0,Cmd405,10004,0,0,0,0,0,0,0,0,0
2026-05-18 15:04:15,PLC,0,Cmd101,0,0,0,0,0,0,0,0,0,0
2026-05-18 15:04:16,PLC,0,Cmd314,0,0,0,0,0,0,0,0,0,0
2026-05-18 15:06:31,PLC,0,Cmd421,51,4,16385,0,0,0,0,0,1,49
2026-05-18 15:06:35,PLC,0,Cmd413,0,0,0,0,0,0,0,0,0,0
2026-05-18 15:08:47,PLC,0,Cmd405,10004,0,0,0,0,0,0,0,0,0
2026-05-18 15:09:13,PLC,0,Cmd101,0,0,0,0,0,0,0,0,0,0
2026-05-18 15:09:14,PLC,0,Cmd314,0,0,0,0,0,0,0,0,0,0
2026-05-18 15:26:50,PLC,0,Cmd421,26,10,49152,32,648,0,0,0,1,22
2026-05-18 15:27:35,PLC,0,Cmd101,0,0,0,0,0,0,0,0,0,0
2026-05-18 15:27:36,PLC,0,Cmd314,0,0,0,0,0,0,0,0,0,0
2026-05-18 15:27:36,PLC,0,Cmd413,0,0,0,0,0,0,0,0,0,0
2026-05-18 15:29:49,PLC,0,Cmd405,10004,0,0,0,0,0,0,0,0,0
2026-05-18 15:30:15,PLC,0,Cmd101,0,0,0,0,0,0,0,0,0,0
2026-05-18 15:30:16,PLC,0,Cmd314,0,0,0,0,0,0,0,0,0,0
2026-05-18 15:38:18,PLC,0,Cmd421,22,10,16386,0,0,0,0,0,1,51
2026-05-18 15:38:21,PLC,0,Cmd413,0,0,0,0,0,0,0,0,0,0
2026-05-18 15:41:53,PLC,0,Cmd405,10004,0,0,0,0,0,0,0,0,0
2026-05-18 15:42:18,PLC,0,Cmd101,0,0,0,0,0,0,0,0,0,0
2026-05-18 15:42:19,PLC,0,Cmd314,0,0,0,0,0,0,0,0,0,0
2026-05-18 15:50:09,PLC,0,Cmd421,22,2,16385,0,0,0,0,0,1,5
2026-05-18 15:50:56,PLC,0,Cmd101,0,0,0,0,0,0,0,0,0,0
2026-05-18 15:50:56,PLC,0,Cmd314,0,0,0,0,0,0,0,0,0,0
2026-05-18 15:50:57,PLC,0,Cmd413,0,0,0,0,0,0,0,0,0,0
2026-05-18 15:54:27,PLC,0,Cmd405,10004,0,0,0,0,0,0,0,0,0
2026-05-18 15:54:53,PLC,0,Cmd101,0,0,0,0,0,0,0,0,0,0
2026-05-18 15:54:54,PLC,0,Cmd314,0,0,0,0,0,0,0,0,0,0
2026-05-18 15:56:01,PLC,0,Cmd421,51,2,16386,0,0,0,0,0,1,4
2026-05-18 15:56:05,PLC,0,Cmd413,0,0,0,0,0,0,0,0,0,0
2026-05-18 15:58:19,PLC,0,Cmd102,0,0,0,0,0,0,0,0,0,0
2026-05-18 15:58:23,PLC,0,Cmd101,0,0,0,0,0,0,0,0,0,0
2026-05-18 15:58:24,PLC,0,Cmd101,0,0,0,0,0,0,0,0,0,0
2026-05-18 15:58:25,PLC,0,Cmd101,0,0,0,0,0,0,0,0,0,0
2026-05-18 15:58:29,PLC,0,Cmd107,0,0,0,0,0,0,0,0,0,0
2026-05-18 15:58:29,RPD,0,Cmd302,0,0,0,0,0,0,0,0,0,0
2026-05-18 15:58:30,PLC,0,Cmd101,0,0,0,0,0,0,0,0,0,0
2026-05-18 16:01:27,PLC,0,Cmd405,10004,0,0,0,0,0,0,0,0,0
2026-05-18 16:01:53,PLC,0,Cmd101,0,0,0,0,0,0,0,0,0,0
2026-05-18 16:01:53,PLC,0,Cmd314,0,0,0,0,0,0,0,0,0,0
2026-05-18 16:03:31,PLC,0,Cmd421,22,4,16386,0,0,0,0,0,1,37
2026-05-18 16:04:16,PLC,0,Cmd101,0,0,0,0,0,0,0,0,0,0
2026-05-18 16:04:16,PLC,0,Cmd314,0,0,0,0,0,0,0,0,0,0
2026-05-18 16:04:17,PLC,0,Cmd413,0,0,0,0,0,0,0,0,0,0
2026-05-18 16:06:15,PLC,0,Cmd102,0,0,0,0,0,0,0,0,0,0
2026-05-18 16:06:24,PLC,0,Cmd101,0,0,0,0,0,0,0,0,0,0
2026-05-18 16:06:33,PLC,0,Cmd101,0,0,0,0,0,0,0,0,0,0
2026-05-18 16:06:33,PLC,0,Cmd101,0,0,0,0,0,0,0,0,0,0
2026-05-18 16:06:35,PLC,0,Cmd107,0,0,0,0,0,0,0,0,0,0
2026-05-18 16:06:35,RPD,0,Cmd302,0,0,0,0,0,0,0,0,0,0
2026-05-18 16:08:08,PLC,0,Cmd405,10004,0,0,0,0,0,0,0,0,0
2026-05-18 16:08:34,PLC,0,Cmd101,0,0,0,0,0,0,0,0,0,0
2026-05-18 16:08:34,PLC,0,Cmd421,22,3,53312,0,1,0,0,0,1,212
2026-05-18 16:08:35,PLC,0,Cmd314,0,0,0,0,0,0,0,0,0,0
2026-05-18 16:09:21,PLC,0,Cmd101,0,0,0,0,0,0,0,0,0,0
2026-05-18 16:09:22,PLC,0,Cmd314,0,0,0,0,0,0,0,0,0,0
2026-05-18 16:09:22,PLC,0,Cmd102,0,0,0,0,0,0,0,0,0,0
2026-05-18 16:09:26,PLC,0,Cmd101,0,0,0,0,0,0,0,0,0,0
2026-05-18 16:09:27,PLC,0,Cmd101,0,0,0,0,0,0,0,0,0,0
2026-05-18 16:09:28,PLC,0,Cmd101,0,0,0,0,0,0,0,0,0,0
2026-05-18 16:09:29,PLC,0,Cmd101,0,0,0,0,0,0,0,0,0,0
2026-05-18 16:09:30,PLC,0,Cmd107,0,0,0,0,0,0,0,0,0,0
2026-05-18 16:09:30,RPD,0,Cmd302,0,0,0,0,0,0,0,0,0,0
2026-05-18 16:09:30,PLC,0,Cmd413,0,0,0,0,0,0,0,0,0,0
2026-05-18 16:11:16,PLC,0,Cmd405,10004,0,0,0,0,0,0,0,0,0
2026-05-18 16:11:42,PLC,0,Cmd101,0,0,0,0,0,0,0,0,0,0
2026-05-18 16:11:43,PLC,0,Cmd314,0,0,0,0,0,0,0,0,0,0
2026-05-18 16:17:29,PLC,0,Cmd421,22,4,16448,0,0,0,0,0,1,219
2026-05-18 16:18:15,PLC,0,Cmd101,0,0,0,0,0,0,0,0,0,0
2026-05-18 16:18:15,PLC,0,Cmd314,0,0,0,0,0,0,0,0,0,0
2026-05-18 16:18:16,PLC,0,Cmd413,0,0,0,0,0,0,0,0,0,0
2026-05-18 16:21:49,PLC,0,Cmd405,10004,0,0,0,0,0,0,0,0,0
2026-05-18 16:22:15,PLC,0,Cmd101,0,0,0,0,0,0,0,0,0,0
2026-05-18 16:22:16,PLC,0,Cmd421,26,10,49152,32,0,0,0,0,1,169
2026-05-18 16:22:17,PLC,0,Cmd314,0,0,0,0,0,0,0,0,0,0
2026-05-18 16:23:02,PLC,0,Cmd101,0,0,0,0,0,0,0,0,0,0
2026-05-18 16:23:02,PLC,0,Cmd314,0,0,0,0,0,0,0,0,0,0
2026-05-18 16:23:03,PLC,0,Cmd413,0,0,0,0,0,0,0,0,0,0
2026-05-18 16:23:03,PLC,0,Cmd102,0,0,0,0,0,0,0,0,0,0
2026-05-18 16:23:12,PLC,0,Cmd101,0,0,0,0,0,0,0,0,0,0
2026-05-18 16:23:13,PLC,0,Cmd101,0,0,0,0,0,0,0,0,0,0
2026-05-18 16:23:14,PLC,0,Cmd101,0,0,0,0,0,0,0,0,0,0
2026-05-18 16:23:15,PLC,0,Cmd107,0,0,0,0,0,0,0,0,0,0
2026-05-18 16:23:15,RPD,0,Cmd302,0,0,0,0,0,0,0,0,0,0
2026-05-18 16:24:30,PLC,0,Cmd405,10004,0,0,0,0,0,0,0,0,0
2026-05-18 16:24:56,PLC,0,Cmd101,0,0,0,0,0,0,0,0,0,0
2026-05-18 16:24:57,PLC,0,Cmd314,0,0,0,0,0,0,0,0,0,0
2026-05-18 16:28:39,PLC,0,Cmd421,51,2,49154,0,6,0,0,0,1,82
2026-05-18 16:29:26,PLC,0,Cmd101,0,0,0,0,0,0,0,0,0,0
2026-05-18 16:29:26,PLC,0,Cmd314,0,0,0,0,0,0,0,0,0,0
2026-05-18 16:29:27,PLC,0,Cmd413,0,0,0,0,0,0,0,0,0,0
2026-05-18 16:29:27,PLC,0,Cmd102,0,0,0,0,0,0,0,0,0,0
2026-05-18 16:29:33,PLC,0,Cmd101,0,0,0,0,0,0,0,0,0,0
2026-05-18 16:29:34,PLC,0,Cmd101,0,0,0,0,0,0,0,0,0,0
2026-05-18 16:29:50,PLC,0,Cmd107,0,0,0,0,0,0,0,0,0,0
2026-05-18 16:29:50,RPD,0,Cmd302,0,0,0,0,0,0,0,0,0,0
2026-05-18 16:31:45,PLC,0,Cmd405,10004,0,0,0,0,0,0,0,0,0
2026-05-18 16:32:11,PLC,0,Cmd101,0,0,0,0,0,0,0,0,0,0
2026-05-18 16:32:12,PLC,0,Cmd314,0,0,0,0,0,0,0,0,0,0
2026-05-18 16:57:14,PLC,0,Cmd421,26,4,49152,1333,652,0,0,0,1,102
2026-05-18 16:57:59,PLC,0,Cmd101,0,0,0,0,0,0,0,0,0,0
2026-05-18 16:57:59,PLC,0,Cmd314,0,0,0,0,0,0,0,0,0,0
2026-05-18 16:58:00,PLC,0,Cmd413,0,0,0,0,0,0,0,0,0,0
2026-05-18 17:01:27,PLC,0,Cmd405,10004,0,0,0,0,0,0,0,0,0
2026-05-18 17:01:53,PLC,0,Cmd101,0,0,0,0,0,0,0,0,0,0
2026-05-18 17:01:54,PLC,0,Cmd314,0,0,0,0,0,0,0,0,0,0
2026-05-18 17:06:36,PLC,0,Cmd421,56,2,49152,1535,255,0,0,0,1,110
2026-05-18 17:07:23,PLC,0,Cmd101,0,0,0,0,0,0,0,0,0,0
2026-05-18 17:07:23,PLC,0,Cmd314,0,0,0,0,0,0,0,0,0,0
2026-05-18 17:07:24,PLC,0,Cmd413,0,0,0,0,0,0,0,0,0,0
2026-05-18 17:10:22,PLC,0,Cmd102,0,0,0,0,0,0,0,0,0,0
2026-05-18 17:10:33,PLC,0,Cmd101,0,0,0,0,0,0,0,0,0,0
2026-05-18 17:10:34,PLC,0,Cmd101,0,0,0,0,0,0,0,0,0,0
2026-05-18 17:10:35,PLC,0,Cmd101,0,0,0,0,0,0,0,0,0,0
2026-05-18 17:10:36,PLC,0,Cmd101,0,0,0,0,0,0,0,0,0,0
2026-05-18 17:10:38,PLC,0,Cmd107,0,0,0,0,0,0,0,0,0,0
2026-05-18 17:10:38,RPD,0,Cmd302,0,0,0,0,0,0,0,0,0,0
2026-05-18 17:11:33,PLC,0,Cmd405,10004,0,0,0,0,0,0,0,0,0
2026-05-18 17:11:59,PLC,0,Cmd101,0,0,0,0,0,0,0,0,0,0
2026-05-18 17:12:00,PLC,0,Cmd314,0,0,0,0,0,0,0,0,0,0
2026-05-18 17:22:21,PLC,0,Cmd421,22,4,16386,0,0,0,0,0,1,85
2026-05-18 17:23:06,PLC,0,Cmd101,0,0,0,0,0,0,0,0,0,0
2026-05-18 17:23:07,PLC,0,Cmd314,0,0,0,0,0,0,0,0,0,0
2026-05-18 17:23:07,PLC,0,Cmd413,0,0,0,0,0,0,0,0,0,0
2026-05-18 17:25:06,PLC,0,Cmd102,0,0,0,0,0,0,0,0,0,0
2026-05-18 17:25:14,PLC,0,Cmd101,0,0,0,0,0,0,0,0,0,0
2026-05-18 17:25:16,PLC,0,Cmd101,0,0,0,0,0,0,0,0,0,0
2026-05-18 17:25:18,PLC,0,Cmd101,0,0,0,0,0,0,0,0,0,0
2026-05-18 17:25:28,PLC,0,Cmd107,0,0,0,0,0,0,0,0,0,0
2026-05-18 17:25:28,RPD,0,Cmd302,0,0,0,0,0,0,0,0,0,0
2026-05-18 17:27:01,PLC,0,Cmd405,10004,0,0,0,0,0,0,0,0,0
2026-05-18 17:27:27,PLC,0,Cmd101,0,0,0,0,0,0,0,0,0,0
2026-05-18 17:27:27,PLC,0,Cmd314,0,0,0,0,0,0,0,0,0,0
2026-05-18 17:27:48,PLC,0,Cmd421,26,4,49152,32,648,0,0,0,1,113
2026-05-18 17:27:51,PLC,0,Cmd413,0,0,0,0,0,0,0,0,0,0
2026-05-18 17:30:04,PLC,0,Cmd405,10004,0,0,0,0,0,0,0,0,0
2026-05-18 17:30:30,PLC,0,Cmd101,0,0,0,0,0,0,0,0,0,0
2026-05-18 17:30:31,PLC,0,Cmd314,0,0,0,0,0,0,0,0,0,0
2026-05-18 17:32:08,PLC,0,Cmd101,0,0,0,0,0,0,0,0,0,0
2026-05-18 17:32:29,PLC,0,Cmd421,26,4,16384,0,0,0,0,0,1,209
2026-05-18 17:32:33,PLC,0,Cmd413,0,0,0,0,0,0,0,0,0,0
2026-05-18 17:32:53,PLC,0,Cmd102,0,0,0,0,0,0,0,0,0,0
2026-05-18 17:33:02,PLC,0,Cmd101,0,0,0,0,0,0,0,0,0,0
2026-05-18 17:33:09,PLC,0,Cmd107,0,0,0,0,0,0,0,0,0,0
2026-05-18 17:33:09,RPD,0,Cmd302,0,0,0,0,0,0,0,0,0,0
2026-05-18 17:33:13,PLC,0,Cmd102,0,0,0,0,0,0,0,0,0,0
2026-05-18 17:33:14,PLC,0,Cmd405,10004,0,0,0,0,0,0,0,0,0
2026-05-18 17:34:05,PLC,0,Cmd101,0,0,0,0,0,0,0,0,0,0
2026-05-18 17:34:07,PLC,0,Cmd107,0,0,0,0,0,0,0,0,0,0
2026-05-18 17:34:07,RPD,0,Cmd302,0,0,0,0,0,0,0,0,0,0
2026-05-18 17:34:33,PLC,0,Cmd101,0,0,0,0,0,0,0,0,0,0
2026-05-18 17:34:34,PLC,0,Cmd314,0,0,0,0,0,0,0,0,0,0
2026-05-18 17:51:53,PLC,0,Cmd421,56,4,49152,1535,255,0,0,0,1,46
2026-05-18 17:51:57,PLC,0,Cmd413,0,0,0,0,0,0,0,0,0,0
2026-05-18 17:55:54,PLC,0,Cmd405,10004,0,0,0,0,0,0,0,0,0
2026-05-18 17:56:20,PLC,0,Cmd101,0,0,0,0,0,0,0,0,0,0
2026-05-18 17:56:21,PLC,0,Cmd314,0,0,0,0,0,0,0,0,0,0
2026-05-18 18:06:50,PLC,0,Cmd421,51,4,16386,0,0,0,0,0,1,139
2026-05-18 18:06:54,PLC,0,Cmd413,0,0,0,0,0,0,0,0,0,0
2026-05-18 18:09:09,PLC,0,Cmd102,0,0,0,0,0,0,0,0,0,0
2026-05-18 18:09:16,PLC,0,Cmd101,0,0,0,0,0,0,0,0,0,0
2026-05-18 18:09:17,PLC,0,Cmd101,0,0,0,0,0,0,0,0,0,0
2026-05-18 18:09:18,PLC,0,Cmd101,0,0,0,0,0,0,0,0,0,0
2026-05-18 18:09:20,PLC,0,Cmd107,0,0,0,0,0,0,0,0,0,0
2026-05-18 18:09:20,RPD,0,Cmd302,0,0,0,0,0,0,0,0,0,0
2026-05-18 18:09:35,PLC,0,Cmd102,0,0,0,0,0,0,0,0,0,0
2026-05-18 18:09:37,PLC,0,Cmd101,0,0,0,0,0,0,0,0,0,0
2026-05-18 18:09:38,PLC,0,Cmd101,0,0,0,0,0,0,0,0,0,0
2026-05-18 18:09:48,PLC,0,Cmd101,0,0,0,0,0,0,0,0,0,0
2026-05-18 18:09:53,PLC,0,Cmd101,0,0,0,0,0,0,0,0,0,0
2026-05-18 18:09:54,PLC,0,Cmd101,0,0,0,0,0,0,0,0,0,0
2026-05-18 18:09:56,PLC,0,Cmd101,0,0,0,0,0,0,0,0,0,0
2026-05-18 18:09:58,PLC,0,Cmd107,0,0,0,0,0,0,0,0,0,0
2026-05-18 18:09:58,RPD,0,Cmd302,0,0,0,0,0,0,0,0,0,0
2026-05-18 18:12:43,PLC,0,Cmd405,10004,0,0,0,0,0,0,0,0,0
2026-05-18 18:13:09,PLC,0,Cmd101,0,0,0,0,0,0,0,0,0,0
2026-05-18 18:13:09,PLC,0,Cmd314,0,0,0,0,0,0,0,0,0,0
2026-05-18 18:25:57,PLC,0,Cmd421,51,2,49160,0,1283,0,0,0,1,33
2026-05-18 18:26:44,PLC,0,Cmd101,0,0,0,0,0,0,0,0,0,0
2026-05-18 18:26:45,PLC,0,Cmd314,0,0,0,0,0,0,0,0,0,0
2026-05-18 18:26:45,PLC,0,Cmd413,0,0,0,0,0,0,0,0,0,0
2026-05-18 18:30:32,PLC,0,Cmd405,10004,0,0,0,0,0,0,0,0,0
2026-05-18 18:30:57,PLC,0,Cmd101,0,0,0,0,0,0,0,0,0,0
2026-05-18 18:30:58,PLC,0,Cmd314,0,0,0,0,0,0,0,0,0,0
2026-05-18 18:35:53,PLC,0,Cmd421,22,4,16386,0,0,0,0,0,1,163
2026-05-18 18:36:38,PLC,0,Cmd101,0,0,0,0,0,0,0,0,0,0
2026-05-18 18:36:39,PLC,0,Cmd314,0,0,0,0,0,0,0,0,0,0
2026-05-18 18:36:40,PLC,0,Cmd413,0,0,0,0,0,0,0,0,0,0
2026-05-18 18:38:39,PLC,0,Cmd102,0,0,0,0,0,0,0,0,0,0
2026-05-18 18:38:45,PLC,0,Cmd101,0,0,0,0,0,0,0,0,0,0
2026-05-18 18:38:48,PLC,0,Cmd101,0,0,0,0,0,0,0,0,0,0
2026-05-18 18:38:51,PLC,0,Cmd107,0,0,0,0,0,0,0,0,0,0
2026-05-18 18:38:51,RPD,0,Cmd302,0,0,0,0,0,0,0,0,0,0
2026-05-18 18:40:24,PLC,0,Cmd405,10004,0,0,0,0,0,0,0,0,0
2026-05-18 18:40:49,PLC,0,Cmd101,0,0,0,0,0,0,0,0,0,0
2026-05-18 18:40:50,PLC,0,Cmd314,0,0,0,0,0,0,0,0,0,0
2026-05-18 18:40:52,PLC,0,Cmd421,22,4,16386,0,0,0,0,0,1,29
2026-05-18 18:40:56,PLC,0,Cmd413,0,0,0,0,0,0,0,0,0,0
2026-05-18 18:44:28,PLC,0,Cmd405,10004,0,0,0,0,0,0,0,0,0
2026-05-18 18:44:53,PLC,0,Cmd101,0,0,0,0,0,0,0,0,0,0
2026-05-18 18:44:54,PLC,0,Cmd314,0,0,0,0,0,0,0,0,0,0
2026-05-18 18:50:21,PLC,0,Cmd421,22,2,16386,0,0,0,0,0,1,218
2026-05-18 18:51:08,PLC,0,Cmd101,0,0,0,0,0,0,0,0,0,0
2026-05-18 18:51:09,PLC,0,Cmd314,0,0,0,0,0,0,0,0,0,0
2026-05-18 18:51:09,PLC,0,Cmd413,0,0,0,0,0,0,0,0,0,0
2026-05-18 18:54:40,PLC,0,Cmd405,10004,0,0,0,0,0,0,0,0,0
2026-05-18 18:55:06,PLC,0,Cmd101,0,0,0,0,0,0,0,0,0,0
2026-05-18 18:55:07,PLC,0,Cmd314,0,0,0,0,0,0,0,0,0,0
2026-05-18 18:55:08,PLC,0,Cmd421,56,4,49152,1534,254,0,0,0,1,111
2026-05-18 18:55:52,PLC,0,Cmd101,0,0,0,0,0,0,0,0,0,0
2026-05-18 18:55:53,PLC,0,Cmd314,0,0,0,0,0,0,0,0,0,0
2026-05-18 18:56:00,PLC,0,Cmd101,0,0,0,0,0,0,0,0,0,0
2026-05-18 18:56:01,PLC,0,Cmd101,0,0,0,0,0,0,0,0,0,0
2026-05-18 18:56:04,PLC,0,Cmd101,0,0,0,0,0,0,0,0,0,0
2026-05-18 18:56:06,PLC,0,Cmd107,0,0,0,0,0,0,0,0,0,0
2026-05-18 18:56:06,RPD,0,Cmd302,0,0,0,0,0,0,0,0,0,0
2026-05-18 18:56:07,PLC,0,Cmd413,0,0,0,0,0,0,0,0,0,0
2026-05-18 18:59:41,PLC,0,Cmd405,10004,0,0,0,0,0,0,0,0,0
2026-05-18 19:00:07,PLC,0,Cmd101,0,0,0,0,0,0,0,0,0,0
2026-05-18 19:00:08,PLC,0,Cmd314,0,0,0,0,0,0,0,0,0,0
2026-05-18 19:10:47,PLC,0,Cmd421,51,4,16448,0,0,0,0,0,1,152
2026-05-18 19:10:51,PLC,0,Cmd413,0,0,0,0,0,0,0,0,0,0
2026-05-18 19:13:06,PLC,0,Cmd102,0,0,0,0,0,0,0,0,0,0
2026-05-18 19:13:12,PLC,0,Cmd101,0,0,0,0,0,0,0,0,0,0
2026-05-18 19:13:13,PLC,0,Cmd314,0,0,0,0,0,0,0,0,0,0
2026-05-18 19:13:14,PLC,0,Cmd101,0,0,0,0,0,0,0,0,0,0
2026-05-18 19:13:17,PLC,0,Cmd107,0,0,0,0,0,0,0,0,0,0
2026-05-18 19:13:17,RPD,0,Cmd302,0,0,0,0,0,0,0,0,0,0
2026-05-18 19:16:15,PLC,0,Cmd405,10004,0,0,0,0,0,0,0,0,0
2026-05-18 19:16:41,PLC,0,Cmd101,0,0,0,0,0,0,0,0,0,0
2026-05-18 19:16:41,PLC,0,Cmd314,0,0,0,0,0,0,0,0,0,0
2026-05-18 19:17:43,PLC,0,Cmd421,51,4,16385,0,0,0,0,0,1,126
2026-05-18 19:17:47,PLC,0,Cmd413,0,0,0,0,0,0,0,0,0,0
2026-05-18 19:19:59,PLC,0,Cmd405,10004,0,0,0,0,0,0,0,0,0
2026-05-18 19:20:25,PLC,0,Cmd101,0,0,0,0,0,0,0,0,0,0
2026-05-18 19:20:26,PLC,0,Cmd314,0,0,0,0,0,0,0,0,0,0
2026-05-18 19:31:13,PLC,0,Cmd421,22,4,16386,0,0,0,0,0,1,84
2026-05-18 19:31:17,PLC,0,Cmd413,0,0,0,0,0,0,0,0,0,0
2026-05-18 19:34:48,PLC,0,Cmd405,10004,0,0,0,0,0,0,0,0,0
2026-05-18 19:35:14,PLC,0,Cmd101,0,0,0,0,0,0,0,0,0,0
2026-05-18 19:35:14,PLC,0,Cmd421,26,4,53248,0,128,0,0,0,1,201
2026-05-18 19:35:15,PLC,0,Cmd314,0,0,0,0,0,0,0,0,0,0
2026-05-18 19:35:16,PLC,0,Cmd413,0,0,0,0,0,0,0,0,0,0
2026-05-18 19:36:25,PLC,0,Cmd405,10004,0,0,0,0,0,0,0,0,0
2026-05-18 19:36:51,PLC,0,Cmd101,0,0,0,0,0,0,0,0,0,0
2026-05-18 19:36:51,PLC,0,Cmd314,0,0,0,0,0,0,0,0,0,0
2026-05-18 19:39:15,PLC,0,Cmd421,26,10,49152,32,0,0,0,0,1,169
2026-05-18 19:40:01,PLC,0,Cmd101,0,0,0,0,0,0,0,0,0,0
2026-05-18 19:40:02,PLC,0,Cmd314,0,0,0,0,0,0,0,0,0,0
2026-05-18 19:40:02,PLC,0,Cmd413,0,0,0,0,0,0,0,0,0,0
2026-05-18 19:41:29,PLC,0,Cmd405,10004,0,0,0,0,0,0,0,0,0
2026-05-18 19:41:55,PLC,0,Cmd101,0,0,0,0,0,0,0,0,0,0
2026-05-18 19:41:55,PLC,0,Cmd314,0,0,0,0,0,0,0,0,0,0
2026-05-18 19:56:29,PLC,0,Cmd421,51,4,49154,0,256,0,0,0,1,12
2026-05-18 19:57:15,PLC,0,Cmd101,0,0,0,0,0,0,0,0,0,0
2026-05-18 19:57:16,PLC,0,Cmd314,0,0,0,0,0,0,0,0,0,0
2026-05-18 19:57:16,PLC,0,Cmd413,0,0,0,0,0,0,0,0,0,0
2026-05-18 19:59:18,PLC,0,Cmd405,10004,0,0,0,0,0,0,0,0,0
2026-05-18 19:59:44,PLC,0,Cmd101,0,0,0,0,0,0,0,0,0,0
2026-05-18 19:59:45,PLC,0,Cmd314,0,0,0,0,0,0,0,0,0,0
2026-05-18 20:08:45,PLC,0,Cmd421,26,2,49152,289,648,0,0,0,1,180
2026-05-18 20:09:32,PLC,0,Cmd101,0,0,0,0,0,0,0,0,0,0
2026-05-18 20:09:32,PLC,0,Cmd314,0,0,0,0,0,0,0,0,0,0
2026-05-18 20:09:33,PLC,0,Cmd413,0,0,0,0,0,0,0,0,0,0
2026-05-18 20:11:53,PLC,0,Cmd405,10004,0,0,0,0,0,0,0,0,0
2026-05-18 20:12:19,PLC,0,Cmd101,0,0,0,0,0,0,0,0,0,0
2026-05-18 20:12:20,PLC,0,Cmd314,0,0,0,0,0,0,0,0,0,0
2026-05-18 20:20:00,PLC,0,Cmd421,26,4,49152,1333,654,0,0,0,1,101
2026-05-18 20:20:45,PLC,0,Cmd101,0,0,0,0,0,0,0,0,0,0
2026-05-18 20:20:46,PLC,0,Cmd314,0,0,0,0,0,0,0,0,0,0
2026-05-18 20:20:46,PLC,0,Cmd413,0,0,0,0,0,0,0,0,0,0
2026-05-18 20:24:14,PLC,0,Cmd405,10004,0,0,0,0,0,0,0,0,0
2026-05-18 20:24:40,PLC,0,Cmd101,0,0,0,0,0,0,0,0,0,0
2026-05-18 20:24:41,PLC,0,Cmd314,0,0,0,0,0,0,0,0,0,0
2026-05-18 20:35:25,PLC,0,Cmd421,22,4,16386,0,0,0,0,0,1,37
2026-05-18 20:35:29,PLC,0,Cmd413,0,0,0,0,0,0,0,0,0,0
2026-05-18 20:39:00,PLC,0,Cmd405,10004,0,0,0,0,0,0,0,0,0
2026-05-18 20:39:26,PLC,0,Cmd101,0,0,0,0,0,0,0,0,0,0
2026-05-18 20:39:27,PLC,0,Cmd421,26,4,53248,32,136,0,0,0,1,106
2026-05-18 20:39:27,PLC,0,Cmd314,0,0,0,0,0,0,0,0,0,0
2026-05-18 20:39:30,PLC,0,Cmd413,0,0,0,0,0,0,0,0,0,0
2026-05-18 20:40:52,PLC,0,Cmd101,0,0,0,0,0,0,0,0,0,0
2026-05-18 20:40:54,PLC,0,Cmd101,0,0,0,0,0,0,0,0,0,0
2026-05-18 20:40:58,PLC,0,Cmd107,0,0,0,0,0,0,0,0,0,0
2026-05-18 20:40:58,RPD,0,Cmd302,0,0,0,0,0,0,0,0,0,0
2026-05-18 20:41:49,PLC,0,Cmd405,10004,0,0,0,0,0,0,0,0,0
2026-05-18 20:42:15,PLC,0,Cmd101,0,0,0,0,0,0,0,0,0,0
2026-05-18 20:42:16,PLC,0,Cmd314,0,0,0,0,0,0,0,0,0,0
2026-05-18 20:47:14,PLC,0,Cmd421,22,4,20544,0,0,0,0,0,1,171
2026-05-18 20:47:18,PLC,0,Cmd413,0,0,0,0,0,0,0,0,0,0
2026-05-18 20:50:54,PLC,0,Cmd405,10004,0,0,0,0,0,0,0,0,0
2026-05-18 20:51:19,PLC,0,Cmd101,0,0,0,0,0,0,0,0,0,0
2026-05-18 20:51:20,PLC,0,Cmd314,0,0,0,0,0,0,0,0,0,0
2026-05-18 20:51:21,PLC,0,Cmd421,26,2,49152,1981,17146,0,0,0,1,2
2026-05-18 20:52:07,PLC,0,Cmd101,0,0,0,0,0,0,0,0,0,0
2026-05-18 20:52:08,PLC,0,Cmd314,0,0,0,0,0,0,0,0,0,0
2026-05-18 20:52:09,PLC,0,Cmd413,0,0,0,0,0,0,0,0,0,0
2026-05-18 20:57:13,PLC,0,Cmd405,10004,0,0,0,0,0,0,0,0,0
2026-05-18 20:57:39,PLC,0,Cmd101,0,0,0,0,0,0,0,0,0,0
2026-05-18 20:57:39,PLC,0,Cmd314,0,0,0,0,0,0,0,0,0,0
2026-05-18 20:59:48,PLC,0,Cmd421,22,4,16386,0,0,0,0,0,1,202
2026-05-18 21:00:33,PLC,0,Cmd101,0,0,0,0,0,0,0,0,0,0
2026-05-18 21:00:34,PLC,0,Cmd314,0,0,0,0,0,0,0,0,0,0
2026-05-18 21:00:34,PLC,0,Cmd413,0,0,0,0,0,0,0,0,0,0
2026-05-18 21:02:33,PLC,0,Cmd102,0,0,0,0,0,0,0,0,0,0
2026-05-18 21:02:40,PLC,0,Cmd101,0,0,0,0,0,0,0,0,0,0
2026-05-18 21:02:42,PLC,0,Cmd107,0,0,0,0,0,0,0,0,0,0
2026-05-18 21:02:42,RPD,0,Cmd302,0,0,0,0,0,0,0,0,0,0
2026-05-18 21:04:15,PLC,0,Cmd405,10004,0,0,0,0,0,0,0,0,0
2026-05-18 21:04:40,PLC,0,Cmd101,0,0,0,0,0,0,0,0,0,0
2026-05-18 21:04:41,PLC,0,Cmd314,0,0,0,0,0,0,0,0,0,0
2026-05-18 21:08:19,PLC,0,Cmd421,26,4,49152,1333,652,0,0,0,1,102
2026-05-18 21:08:23,PLC,0,Cmd413,0,0,0,0,0,0,0,0,0,0
2026-05-18 21:11:52,PLC,0,Cmd405,10004,0,0,0,0,0,0,0,0,0
2026-05-18 21:12:18,PLC,0,Cmd101,0,0,0,0,0,0,0,0,0,0
2026-05-18 21:12:18,PLC,0,Cmd314,0,0,0,0,0,0,0,0,0,0
2026-05-18 21:14:37,PLC,0,Cmd421,26,4,49152,32,648,0,0,0,1,175
2026-05-18 21:14:41,PLC,0,Cmd413,0,0,0,0,0,0,0,0,0,0
2026-05-18 21:16:28,PLC,0,Cmd102,0,0,0,0,0,0,0,0,0,0
2026-05-18 21:16:44,PLC,0,Cmd101,0,0,0,0,0,0,0,0,0,0
2026-05-18 21:16:46,PLC,0,Cmd101,0,0,0,0,0,0,0,0,0,0
2026-05-18 21:16:59,PLC,0,Cmd101,0,0,0,0,0,0,0,0,0,0
2026-05-18 21:17:00,PLC,0,Cmd107,0,0,0,0,0,0,0,0,0,0
2026-05-18 21:17:00,RPD,0,Cmd302,0,0,0,0,0,0,0,0,0,0
2026-05-18 21:17:30,PLC,0,Cmd405,10004,0,0,0,0,0,0,0,0,0
2026-05-18 21:17:56,PLC,0,Cmd101,0,0,0,0,0,0,0,0,0,0
2026-05-18 21:17:56,PLC,0,Cmd314,0,0,0,0,0,0,0,0,0,0
2026-05-18 21:25:17,PLC,0,Cmd421,22,4,16448,0,0,0,0,0,1,133
2026-05-18 21:25:21,PLC,0,Cmd413,0,0,0,0,0,0,0,0,0,0
2026-05-18 21:28:55,PLC,0,Cmd405,10004,0,0,0,0,0,0,0,0,0
2026-05-18 21:29:21,PLC,0,Cmd101,0,0,0,0,0,0,0,0,0,0
2026-05-18 21:29:22,PLC,0,Cmd421,56,2,49152,1535,255,0,0,0,1,91
2026-05-18 21:29:22,PLC,0,Cmd314,0,0,0,0,0,0,0,0,0,0
2026-05-18 21:30:08,PLC,0,Cmd101,0,0,0,0,0,0,0,0,0,0
2026-05-18 21:30:09,PLC,0,Cmd314,0,0,0,0,0,0,0,0,0,0
2026-05-18 21:30:09,PLC,0,Cmd102,0,0,0,0,0,0,0,0,0,0
2026-05-18 21:30:10,PLC,0,Cmd413,0,0,0,0,0,0,0,0,0,0
2026-05-18 21:30:18,PLC,0,Cmd101,0,0,0,0,0,0,0,0,0,0
2026-05-18 21:30:19,PLC,0,Cmd101,0,0,0,0,0,0,0,0,0,0
2026-05-18 21:30:22,PLC,0,Cmd107,0,0,0,0,0,0,0,0,0,0
2026-05-18 21:30:22,RPD,0,Cmd302,0,0,0,0,0,0,0,0,0,0
2026-05-18 21:34:16,PLC,0,Cmd405,10004,0,0,0,0,0,0,0,0,0
2026-05-18 21:34:42,PLC,0,Cmd101,0,0,0,0,0,0,0,0,0,0
2026-05-18 21:34:43,PLC,0,Cmd314,0,0,0,0,0,0,0,0,0,0
2026-05-18 21:38:14,PLC,0,Cmd421,51,2,16386,0,0,0,0,0,1,145
2026-05-18 21:38:18,PLC,0,Cmd413,0,0,0,0,0,0,0,0,0,0
2026-05-18 21:43:30,PLC,0,Cmd405,10004,0,0,0,0,0,0,0,0,0
2026-05-18 21:43:56,PLC,0,Cmd101,0,0,0,0,0,0,0,0,0,0
2026-05-18 21:43:57,PLC,0,Cmd314,0,0,0,0,0,0,0,0,0,0
2026-05-18 21:43:57,PLC,0,Cmd421,26,10,49152,1056,650,0,0,0,1,197
2026-05-18 21:44:42,PLC,0,Cmd101,0,0,0,0,0,0,0,0,0,0
2026-05-18 21:44:43,PLC,0,Cmd314,0,0,0,0,0,0,0,0,0,0
2026-05-18 21:44:43,PLC,0,Cmd413,0,0,0,0,0,0,0,0,0,0
2026-05-18 21:47:10,PLC,0,Cmd102,0,0,0,0,0,0,0,0,0,0
2026-05-18 21:47:16,PLC,0,Cmd101,0,0,0,0,0,0,0,0,0,0
2026-05-18 21:47:18,PLC,0,Cmd107,0,0,0,0,0,0,0,0,0,0
2026-05-18 21:47:18,RPD,0,Cmd302,0,0,0,0,0,0,0,0,0,0
2026-05-18 21:47:18,PLC,0,Cmd102,0,0,0,0,0,0,0,0,0,0
2026-05-18 21:47:19,PLC,0,Cmd101,0,0,0,0,0,0,0,0,0,0
2026-05-18 21:47:29,PLC,0,Cmd101,0,0,0,0,0,0,0,0,0,0
2026-05-18 21:47:33,PLC,0,Cmd101,0,0,0,0,0,0,0,0,0,0
2026-05-18 21:47:38,PLC,0,Cmd107,0,0,0,0,0,0,0,0,0,0
2026-05-18 21:47:38,RPD,0,Cmd302,0,0,0,0,0,0,0,0,0,0
2026-05-18 21:47:42,PLC,0,Cmd405,10004,0,0,0,0,0,0,0,0,0
2026-05-18 21:48:08,PLC,0,Cmd101,0,0,0,0,0,0,0,0,0,0
2026-05-18 21:48:08,PLC,0,Cmd314,0,0,0,0,0,0,0,0,0,0
2026-05-18 22:00:51,PLC,0,Cmd421,26,4,49152,289,648,0,0,0,1,186
2026-05-18 22:01:37,PLC,0,Cmd101,0,0,0,0,0,0,0,0,0,0
2026-05-18 22:01:37,PLC,0,Cmd314,0,0,0,0,0,0,0,0,0,0
2026-05-18 22:01:38,PLC,0,Cmd413,0,0,0,0,0,0,0,0,0,0
2026-05-18 22:03:59,PLC,0,Cmd405,10004,0,0,0,0,0,0,0,0,0
2026-05-18 22:04:24,PLC,0,Cmd101,0,0,0,0,0,0,0,0,0,0
2026-05-18 22:04:25,PLC,0,Cmd314,0,0,0,0,0,0,0,0,0,0
2026-05-18 22:13:52,PLC,0,Cmd421,22,4,16386,0,0,0,0,0,1,103
2026-05-18 22:13:56,PLC,0,Cmd413,0,0,0,0,0,0,0,0,0,0
2026-05-18 22:17:27,PLC,0,Cmd405,10004,0,0,0,0,0,0,0,0,0
2026-05-18 22:17:53,PLC,0,Cmd101,0,0,0,0,0,0,0,0,0,0
2026-05-18 22:17:54,PLC,0,Cmd314,0,0,0,0,0,0,0,0,0,0
2026-05-18 22:20:08,PLC,0,Cmd421,22,10,16448,0,0,0,0,0,1,150
2026-05-18 22:20:54,PLC,0,Cmd101,0,0,0,0,0,0,0,0,0,0
2026-05-18 22:20:55,PLC,0,Cmd314,0,0,0,0,0,0,0,0,0,0
2026-05-18 22:20:56,PLC,0,Cmd413,0,0,0,0,0,0,0,0,0,0
2026-05-18 22:24:29,PLC,0,Cmd405,10004,0,0,0,0,0,0,0,0,0
2026-05-18 22:24:55,PLC,0,Cmd101,0,0,0,0,0,0,0,0,0,0
2026-05-18 22:24:55,PLC,0,Cmd314,0,0,0,0,0,0,0,0,0,0
2026-05-18 22:25:15,PLC,0,Cmd421,26,4,49152,32,648,0,0,0,1,113
2026-05-18 22:26:01,PLC,0,Cmd101,0,0,0,0,0,0,0,0,0,0
2026-05-18 22:26:02,PLC,0,Cmd314,0,0,0,0,0,0,0,0,0,0
2026-05-18 22:26:02,PLC,0,Cmd413,0,0,0,0,0,0,0,0,0,0
2026-05-18 22:28:15,PLC,0,Cmd405,10004,0,0,0,0,0,0,0,0,0
2026-05-18 22:28:40,PLC,0,Cmd101,0,0,0,0,0,0,0,0,0,0
2026-05-18 22:28:41,PLC,0,Cmd314,0,0,0,0,0,0,0,0,0,0
2026-05-18 22:29:02,PLC,0,Cmd421,56,4,49152,1535,255,0,0,0,1,155
2026-05-18 22:29:06,PLC,0,Cmd413,0,0,0,0,0,0,0,0,0,0
2026-05-18 22:33:04,PLC,0,Cmd405,10004,0,0,0,0,0,0,0,0,0
2026-05-18 22:33:29,PLC,0,Cmd101,0,0,0,0,0,0,0,0,0,0
2026-05-18 22:33:30,PLC,0,Cmd314,0,0,0,0,0,0,0,0,0,0
2026-05-18 22:38:24,PLC,0,Cmd421,51,4,16386,0,0,0,0,0,1,31
2026-05-18 22:38:28,PLC,0,Cmd413,0,0,0,0,0,0,0,0,0,0
2026-05-18 22:43:40,PLC,0,Cmd405,10004,0,0,0,0,0,0,0,0,0
2026-05-18 22:44:06,PLC,0,Cmd101,0,0,0,0,0,0,0,0,0,0
2026-05-18 22:44:07,PLC,0,Cmd314,0,0,0,0,0,0,0,0,0,0
2026-05-18 22:44:23,PLC,0,Cmd111,0,0,0,0,0,0,0,0,0,0
2026-05-18 22:44:23,PLC,0,Cmd315,0,0,0,0,0,0,0,0,0,0
2026-05-18 22:44:23,PLC,0,Cmd315,0,0,0,0,0,0,0,0,0,0
2026-05-18 22:44:24,PLC,0,Cmd303,0,0,0,0,0,0,0,0,0,0
2026-05-18 22:44:24,PLC,0,Cmd102,0,0,0,0,0,0,0,0,0,0
2026-05-18 22:44:25,PLC,0,Cmd2,0,0,0,0,0,0,0,0,0,0
2026-05-18 22:44:46,RA2,0,Cmd103,0,0,0,0,0,0,0,0,0,0
2026-05-18 22:44:46,RA2,0,Cmd302,0,0,0,0,0,0,0,0,0,0
2026-05-18 22:44:49,RA2,0,Cmd421,0,999,0,0,0,1,8,0,1,0
2026-05-18 22:45:07,PLC,0,Cmd101,0,0,0,0,0,0,0,0,0,0
2026-05-18 22:45:08,PLC,0,Cmd1,0,0,0,0,0,0,0,0,0,0
2026-05-18 22:45:09,PLC,0,Cmd314,0,0,0,0,0,0,0,0,0,0
2026-05-18 22:45:10,PLC,0,Cmd303,0,0,0,0,0,0,0,0,0,0
2026-05-18 22:45:11,PLC,0,Cmd102,0,0,0,0,0,0,0,0,0,0
2026-05-18 22:45:11,PLC,0,Cmd101,0,0,0,0,0,0,0,0,0,0
2026-05-18 22:45:12,PLC,0,Cmd302,0,0,0,0,0,0,0,0,0,0
2026-05-18 22:45:12,PLC,0,Cmd315,0,0,0,0,0,0,0,0,0,0
2026-05-18 22:45:13,PLC,0,Cmd107,0,0,0,0,0,0,0,0,0,0
2026-05-18 22:45:13,RPD,0,Cmd302,0,0,0,0,0,0,0,0,0,0
2026-05-18 22:45:23,PLC,0,Cmd405,10004,0,0,0,0,0,0,0,0,0
2026-05-18 22:45:49,PLC,0,Cmd101,0,0,0,0,0,0,0,0,0,0
2026-05-18 22:45:50,PLC,0,Cmd314,0,0,0,0,0,0,0,0,0,0
2026-05-18 22:45:54,PLC,0,Cmd405,10007,0,0,0,0,0,0,0,0,0
2026-05-18 22:46:03,PLC,0,Cmd111,0,0,0,0,0,0,0,0,0,0
2026-05-18 22:46:04,PLC,0,Cmd315,0,0,0,0,0,0,0,0,0,0
2026-05-18 22:46:04,PLC,0,Cmd315,0,0,0,0,0,0,0,0,0,0
2026-05-18 22:46:04,PLC,0,Cmd303,0,0,0,0,0,0,0,0,0,0
2026-05-18 22:46:05,PLC,0,Cmd140,0,0,0,0,0,0,0,0,0,0
2026-05-18 22:59:44,PLC,0,Cmd141,0,0,0,0,0,0,0,0,0,0
2026-05-18 22:59:44,PLC,0,Cmd101,0,0,0,0,0,0,0,0,0,0
2026-05-18 22:59:45,PLC,0,Cmd106,0,0,0,0,0,0,0,0,0,0
2026-05-18 22:59:46,PLC,0,Cmd1,0,0,0,0,0,0,0,0,0,0
2026-05-18 22:59:47,PLC,0,Cmd101,0,0,0,0,0,0,0,0,0,0
2026-05-18 22:59:47,PLC,0,Cmd302,0,0,0,0,0,0,0,0,0,0
2026-05-18 22:59:48,PLC,0,Cmd101,0,0,0,0,0,0,0,0,0,0
2026-05-18 22:59:54,PLC,0,Cmd405,10001,0,0,0,0,0,0,0,0,0
2026-05-18 23:00:05,PLC,0,Cmd101,0,0,0,0,0,0,0,0,0,0
2026-05-18 23:00:05,PLC,-1,Cmd405,10001,0,0,0,0,0,0,0,0,0
2026-05-18 23:00:08,PLC,0,Cmd303,0,0,0,0,0,0,0,0,0,0
2026-05-18 23:00:09,PLC,0,Cmd315,0,0,0,0,0,0,0,0,0,0
2026-05-18 23:00:09,PLC,0,Cmd302,0,0,0,0,0,0,0,0,0,0
2026-05-18 23:00:11,PLC,0,Cmd101,0,0,0,0,0,0,0,0,0,0
2026-05-18 23:00:13,PLC,0,Cmd107,0,0,0,0,0,0,0,0,0,0
2026-05-18 23:00:13,RPD,0,Cmd302,0,0,0,0,0,0,0,0,0,0
2026-05-18 23:00:22,PLC,0,Cmd101,0,0,0,0,0,0,0,0,0,0
2026-05-18 23:00:22,PLC,0,Cmd314,0,0,0,0,0,0,0,0,0,0
2026-05-18 23:00:23,PLC,0,Cmd101,0,0,0,0,0,0,0,0,0,0
2026-05-18 23:00:24,PLC,0,Cmd303,0,0,0,0,0,0,0,0,0,0
2026-05-18 23:00:24,PLC,0,Cmd302,0,0,0,0,0,0,0,0,0,0
2026-05-18 23:00:24,PLC,0,Cmd101,0,0,0,0,0,0,0,0,0,0
2026-05-18 23:00:25,PLC,0,Cmd315,0,0,0,0,0,0,0,0,0,0
2026-05-18 23:00:28,PLC,0,Cmd303,0,0,0,0,0,0,0,0,0,0
2026-05-18 23:00:28,PLC,0,Cmd102,0,0,0,0,0,0,0,0,0,0
2026-05-18 23:00:29,PLC,0,Cmd101,0,0,0,0,0,0,0,0,0,0
2026-05-18 23:00:29,PLC,0,Cmd302,0,0,0,0,0,0,0,0,0,0
2026-05-18 23:00:31,PLC,0,Cmd101,0,0,0,0,0,0,0,0,0,0
2026-05-18 23:00:34,PLC,0,Cmd107,0,0,0,0,0,0,0,0,0,0
2026-05-18 23:00:34,RPD,0,Cmd302,0,0,0,0,0,0,0,0,0,0
2026-05-18 23:00:43,PLC,0,Cmd405,10004,0,0,0,0,0,0,0,0,0
2026-05-18 23:01:09,PLC,0,Cmd101,0,0,0,0,0,0,0,0,0,0
2026-05-18 23:01:09,PLC,0,Cmd314,0,0,0,0,0,0,0,0,0,0
2026-05-18 23:01:10,PLC,0,Cmd303,0,0,0,0,0,0,0,0,0,0
2026-05-18 23:01:10,PLC,0,Cmd101,0,0,0,0,0,0,0,0,0,0
2026-05-18 23:01:11,PLC,0,Cmd315,0,0,0,0,0,0,0,0,0,0
2026-05-18 23:01:14,PLC,0,Cmd302,0,0,0,0,0,0,0,0,0,0
2026-05-18 23:01:20,PLC,0,Cmd107,1,0,0,0,0,0,0,0,0,0
2026-05-18 23:01:20,RPD,0,Cmd302,0,0,0,0,0,0,0,0,0,0
2026-05-18 23:01:44,PLC,0,Cmd421,56,4,49152,1535,255,0,0,0,1,46
2026-05-18 23:02:15,PLC,0,Cmd101,0,0,0,0,0,0,0,0,0,0
2026-05-18 23:02:16,PLC,0,Cmd314,0,0,0,0,0,0,0,0,0,0
2026-05-18 23:02:16,PLC,0,Cmd413,0,0,0,0,0,0,0,0,0,0
2026-05-18 23:06:14,PLC,0,Cmd405,10004,0,0,0,0,0,0,0,0,0
2026-05-18 23:06:39,PLC,0,Cmd101,0,0,0,0,0,0,0,0,0,0
2026-05-18 23:06:40,PLC,0,Cmd314,0,0,0,0,0,0,0,0,0,0
2026-05-18 23:19:52,PLC,0,Cmd421,51,4,16386,0,0,0,0,0,1,139
2026-05-18 23:19:55,PLC,0,Cmd413,0,0,0,0,0,0,0,0,0,0
2026-05-18 23:22:10,PLC,0,Cmd102,0,0,0,0,0,0,0,0,0,0
2026-05-18 23:22:18,PLC,0,Cmd101,0,0,0,0,0,0,0,0,0,0
2026-05-18 23:22:19,PLC,0,Cmd101,0,0,0,0,0,0,0,0,0,0
2026-05-18 23:22:23,PLC,0,Cmd107,0,0,0,0,0,0,0,0,0,0
2026-05-18 23:22:23,RPD,0,Cmd302,0,0,0,0,0,0,0,0,0,0
2026-05-18 23:25:21,PLC,0,Cmd405,10004,0,0,0,0,0,0,0,0,0
2026-05-18 23:25:47,PLC,0,Cmd101,0,0,0,0,0,0,0,0,0,0
2026-05-18 23:25:47,PLC,0,Cmd314,0,0,0,0,0,0,0,0,0,0
2026-05-18 23:26:08,PLC,0,Cmd421,51,4,16385,0,0,0,0,0,1,203
2026-05-18 23:26:11,PLC,0,Cmd413,0,0,0,0,0,0,0,0,0,0
2026-05-18 23:28:24,PLC,0,Cmd405,10004,0,0,0,0,0,0,0,0,0
2026-05-18 23:28:50,PLC,0,Cmd101,0,0,0,0,0,0,0,0,0,0
2026-05-18 23:28:50,PLC,0,Cmd314,0,0,0,0,0,0,0,0,0,0
2026-05-18 23:32:17,PLC,0,Cmd421,22,4,16386,0,0,0,0,0,1,230
2026-05-18 23:32:21,PLC,0,Cmd413,0,0,0,0,0,0,0,0,0,0
2026-05-18 23:35:52,PLC,0,Cmd405,10004,0,0,0,0,0,0,0,0,0
2026-05-18 23:36:18,PLC,0,Cmd101,0,0,0,0,0,0,0,0,0,0
2026-05-18 23:36:18,PLC,0,Cmd314,0,0,0,0,0,0,0,0,0,0
2026-05-18 23:40:22,PLC,0,Cmd421,26,4,53248,0,128,0,0,0,1,201
2026-05-18 23:40:26,PLC,0,Cmd413,0,0,0,0,0,0,0,0,0,0
2026-05-18 23:41:35,PLC,0,Cmd405,10004,0,0,0,0,0,0,0,0,0
2026-05-18 23:42:01,PLC,0,Cmd101,0,0,0,0,0,0,0,0,0,0
2026-05-18 23:42:01,PLC,0,Cmd314,0,0,0,0,0,0,0,0,0,0
2026-05-18 23:51:04,PLC,0,Cmd421,22,4,16385,0,0,0,0,0,1,48
2026-05-18 23:51:08,PLC,0,Cmd413,0,0,0,0,0,0,0,0,0,0
2026-05-18 23:54:38,PLC,0,Cmd405,10004,0,0,0,0,0,0,0,0,0
2026-05-18 23:55:04,PLC,0,Cmd101,0,0,0,0,0,0,0,0,0,0
2026-05-18 23:55:04,PLC,0,Cmd314,0,0,0,0,0,0,0,0,0,0
2026-05-19 00:00:50,PLC,0,Cmd421,22,4,16386,0,0,0,0,0,1,29
2026-05-19 00:00:54,PLC,0,Cmd413,0,0,0,0,0,0,0,0,0,0
