2026-05-16 05:25:23,PLC,0,Cmd101,0,0,0,0,0,0,0,0,0,0
2026-05-16 05:25:23,PLC,0,Cmd102,0,0,0,0,0,0,0,0,0,0
2026-05-16 05:25:24,PLC,0,Cmd107,0,0,0,0,0,0,0,0,0,0
2026-05-16 05:25:24,RPD,0,Cmd302,0,0,0,0,0,0,0,0,0,0
2026-05-16 05:25:34,PLC,0,Cmd405,10001,0,0,0,0,0,0,0,0,0
2026-05-16 05:25:42,PLC,0,Cmd101,0,0,0,0,0,0,0,0,0,0
2026-05-16 05:25:43,PLC,0,Cmd314,0,0,0,0,0,0,0,0,0,0
2026-05-16 05:25:47,PLC,0,Cmd111,0,0,0,0,0,0,0,0,0,0
2026-05-16 05:25:47,PLC,0,Cmd315,0,0,0,0,0,0,0,0,0,0
2026-05-16 05:25:47,PLC,0,Cmd315,0,0,0,0,0,0,0,0,0,0
2026-05-16 05:25:48,PLC,0,Cmd303,0,0,0,0,0,0,0,0,0,0
2026-05-16 05:25:48,PLC,0,Cmd102,0,0,0,0,0,0,0,0,0,0
2026-05-16 05:25:49,PLC,0,Cmd2,0,0,0,0,0,0,0,0,0,0
2026-05-16 05:25:57,RA2,0,Cmd110,0,0,0,0,0,0,0,0,0,0
2026-05-16 05:25:57,RA2,0,Cmd302,0,0,0,0,0,0,0,0,0,0
2026-05-16 05:25:57,RA2,0,Cmd103,0,0,0,0,0,0,0,0,0,0
2026-05-16 05:26:03,RA2,0,Cmd421,10014,0,0,0,0,1,0,0,1,0
2026-05-16 05:26:08,RPD,0,Cmd200,999,1,10,0,0,0,0,0,0,0
2026-05-16 05:26:09,RPD,0,Cmd201,0,0,0,0,0,0,0,0,0,0
2026-05-16 05:29:30,PLC,0,Cmd101,0,0,0,0,0,0,0,0,0,0
2026-05-16 05:32:33,PLC,0,Cmd1,0,0,0,0,0,0,0,0,0,0
2026-05-16 05:32:39,PLC,0,Cmd405,10007,0,0,0,0,0,0,0,0,0
2026-05-16 05:33:13,PLC,0,Cmd102,0,0,0,0,0,0,0,0,0,0
2026-05-16 05:33:15,PLC,0,Cmd111,0,0,0,0,0,0,0,0,0,0
2026-05-16 05:33:15,PLC,0,Cmd315,0,0,0,0,0,0,0,0,0,0
2026-05-16 05:33:15,PLC,0,Cmd315,0,0,0,0,0,0,0,0,0,0
2026-05-16 05:33:16,PLC,0,Cmd303,0,0,0,0,0,0,0,0,0,0
2026-05-16 05:33:16,PLC,0,Cmd140,0,0,0,0,0,0,0,0,0,0
2026-05-16 15:03:37,PLC,0,Cmd141,0,0,0,0,0,0,0,0,0,0
2026-05-16 15:03:37,PLC,0,Cmd106,0,0,0,0,0,0,0,0,0,0
2026-05-16 15:03:38,PLC,0,Cmd101,0,0,0,0,0,0,0,0,0,0
2026-05-16 15:03:39,PLC,0,Cmd1,0,0,0,0,0,0,0,0,0,0
2026-05-16 15:04:04,PLC,0,Cmd101,0,0,0,0,0,0,0,0,0,0
2026-05-16 15:04:05,PLC,0,Cmd302,0,0,0,0,0,0,0,0,0,0
2026-05-16 15:04:07,PLC,0,Cmd107,0,0,0,0,0,0,0,0,0,0
2026-05-16 15:04:07,RPD,0,Cmd302,0,0,0,0,0,0,0,0,0,0
2026-05-16 15:04:16,PLC,0,Cmd405,10001,0,0,0,0,0,0,0,0,0
2026-05-16 15:04:24,PLC,0,Cmd101,0,0,0,0,0,0,0,0,0,0
2026-05-16 15:04:25,PLC,0,Cmd314,0,0,0,0,0,0,0,0,0,0
2026-05-16 15:04:32,PLC,0,Cmd303,0,0,0,0,0,0,0,0,0,0
2026-05-16 15:04:33,PLC,0,Cmd315,0,0,0,0,0,0,0,0,0,0
2026-05-16 15:04:33,PLC,0,Cmd302,0,0,0,0,0,0,0,0,0,0
2026-05-16 15:04:33,PLC,0,Cmd101,0,0,0,0,0,0,0,0,0,0
2026-05-16 15:04:38,PLC,0,Cmd111,0,0,0,0,0,0,0,0,0,0
2026-05-16 15:04:39,PLC,0,Cmd315,0,0,0,0,0,0,0,0,0,0
2026-05-16 15:04:39,PLC,0,Cmd315,0,0,0,0,0,0,0,0,0,0
2026-05-16 15:04:40,PLC,0,Cmd303,0,0,0,0,0,0,0,0,0,0
2026-05-16 15:04:40,PLC,0,Cmd102,0,0,0,0,0,0,0,0,0,0
2026-05-16 15:04:41,PLC,0,Cmd2,0,0,0,0,0,0,0,0,0,0
2026-05-16 15:05:15,RA2,0,Cmd103,0,0,0,0,0,0,0,0,0,0
2026-05-16 15:05:16,RA2,0,Cmd302,0,0,0,0,0,0,0,0,0,0
2026-05-16 15:05:19,RA2,0,Cmd421,0,4,0,0,0,0,0,0,1,0
2026-05-16 15:05:58,RA2,0,Cmd102,0,0,0,0,0,0,0,0,0,0
2026-05-16 15:06:02,RA2,0,Cmd107,2,0,0,0,0,0,0,0,0,0
2026-05-16 15:06:02,RPD,0,Cmd302,0,0,0,0,0,0,0,0,0,0
2026-05-16 15:06:02,RPD,0,Cmd400,10001,0,0,0,0,0,0,0,0,0
2026-05-16 15:06:03,PLC,0,Cmd101,0,0,0,0,0,0,0,0,0,0
2026-05-16 15:06:34,RA2,0,Cmd421,10014,0,0,0,0,1,0,0,1,0
2026-05-16 15:06:39,RPD,-6,Cmd200,999,1,10,0,0,0,0,0,0,0
2026-05-16 15:06:40,RPD,0,Cmd201,0,0,0,0,0,0,0,0,0,0
2026-05-16 15:08:12,PLC,0,Cmd101,0,0,0,0,0,0,0,0,0,0
2026-05-16 15:08:18,RA2,0,Cmd421,0,999,0,0,0,1,8,0,1,0
2026-05-16 15:08:36,PLC,0,Cmd101,0,0,0,0,0,0,0,0,0,0
2026-05-16 15:08:44,RA2,0,Cmd421,10014,0,0,0,0,1,0,0,1,0
2026-05-16 15:08:49,RPD,0,Cmd200,999,1,9,0,0,0,0,0,0,0
2026-05-16 15:08:50,RPD,0,Cmd201,0,0,0,0,0,0,0,0,0,0
2026-05-16 15:09:33,PLC,0,Cmd101,0,0,0,0,0,0,0,0,0,0
2026-05-16 15:09:40,RA2,0,Cmd421,10014,0,0,0,0,1,0,0,1,0
2026-05-16 15:09:45,RPD,0,Cmd200,999,1,10,0,0,0,0,0,0,0
2026-05-16 15:09:46,RPD,0,Cmd201,0,0,0,0,0,0,0,0,0,0
2026-05-16 15:13:06,PLC,0,Cmd101,0,0,0,0,0,0,0,0,0,0
2026-05-16 15:13:20,RA2,0,Cmd421,0,8,0,0,0,0,0,0,1,0
2026-05-16 15:16:21,PLC,0,Cmd101,0,0,0,0,0,0,0,0,0,0
2026-05-16 15:16:30,PLC,0,Cmd101,0,0,0,0,0,0,0,0,0,0
2026-05-16 15:16:42,PLC,0,Cmd101,0,0,0,0,0,0,0,0,0,0
2026-05-16 15:17:06,RA2,0,Cmd203,0,0,0,0,0,0,0,0,0,0
2026-05-16 15:18:51,PLC,0,Cmd101,0,0,0,0,0,0,0,0,0,0
2026-05-16 15:18:53,PLC,0,Cmd101,0,0,0,0,0,0,0,0,0,0
2026-05-16 15:31:45,PLC,0,Cmd101,0,0,0,0,0,0,0,0,0,0
2026-05-16 15:31:48,PLC,0,Cmd101,0,0,0,0,0,0,0,0,0,0
2026-05-16 15:32:34,PLC,0,Cmd101,0,0,0,0,0,0,0,0,0,0
2026-05-16 15:33:03,PLC,0,Cmd101,0,0,0,0,0,0,0,0,0,0
2026-05-16 15:33:10,RA2,-4,Cmd110,0,0,0,0,0,0,0,0,0,0
2026-05-16 15:33:15,RA2,-4,Cmd103,0,0,0,0,0,0,0,0,0,0
2026-05-16 15:33:15,RA2,0,Cmd302,0,0,0,0,0,0,0,0,0,0
2026-05-16 15:33:51,PLC,0,Cmd101,0,0,0,0,0,0,0,0,0,0
2026-05-16 15:34:00,RA2,-4,Cmd110,0,0,0,0,0,0,0,0,0,0
2026-05-16 15:34:00,RA2,0,Cmd302,0,0,0,0,0,0,0,0,0,0
2026-05-16 15:34:00,RA2,0,Cmd302,0,0,0,0,0,0,0,0,0,0
2026-05-16 15:34:00,RA2,0,Cmd302,0,0,0,0,0,0,0,0,0,0
2026-05-16 15:34:00,PLC,0,Cmd101,0,0,0,0,0,0,0,0,0,0
2026-05-16 15:34:10,RA2,-4,Cmd110,0,0,0,0,0,0,0,0,0,0
2026-05-16 15:34:15,RA2,-4,Cmd110,0,0,0,0,0,0,0,0,0,0
2026-05-16 15:34:19,RA2,-4,Cmd103,0,0,0,0,0,0,0,0,0,0
2026-05-16 15:34:23,RA2,-4,Cmd103,0,0,0,0,0,0,0,0,0,0
2026-05-16 15:34:25,PLC,0,Cmd101,0,0,0,0,0,0,0,0,0,0
2026-05-16 15:34:42,PLC,0,Cmd101,0,0,0,0,0,0,0,0,0,0
2026-05-16 15:35:00,PLC,0,Cmd101,0,0,0,0,0,0,0,0,0,0
2026-05-16 15:35:55,PLC,0,Cmd101,0,0,0,0,0,0,0,0,0,0
2026-05-16 15:36:15,PLC,0,Cmd101,0,0,0,0,0,0,0,0,0,0
2026-05-16 15:39:03,PLC,0,Cmd101,0,0,0,0,0,0,0,0,0,0
2026-05-16 15:39:07,PLC,0,Cmd101,0,0,0,0,0,0,0,0,0,0
2026-05-16 15:39:27,PLC,0,Cmd101,0,0,0,0,0,0,0,0,0,0
2026-05-16 15:39:28,PLC,0,Cmd101,0,0,0,0,0,0,0,0,0,0
2026-05-16 15:39:29,PLC,0,Cmd101,0,0,0,0,0,0,0,0,0,0
2026-05-16 15:39:33,PLC,0,Cmd101,0,0,0,0,0,0,0,0,0,0
2026-05-16 15:44:48,RA2,-4,Cmd110,0,0,0,0,0,0,0,0,0,0
2026-05-16 15:44:53,RA2,-4,Cmd110,0,0,0,0,0,0,0,0,0,0
2026-05-16 15:44:57,RA2,-4,Cmd103,0,0,0,0,0,0,0,0,0,0
2026-05-16 15:45:01,RA2,-4,Cmd103,0,0,0,0,0,0,0,0,0,0
2026-05-16 15:45:05,RA2,-4,Cmd110,0,0,0,0,0,0,0,0,0,0
2026-05-16 15:45:09,RA2,-4,Cmd110,0,0,0,0,0,0,0,0,0,0
2026-05-16 15:45:14,RA2,-4,Cmd103,0,0,0,0,0,0,0,0,0,0
2026-05-16 15:45:18,RA2,-4,Cmd103,0,0,0,0,0,0,0,0,0,0
2026-05-16 15:45:18,RA2,0,Cmd101,0,0,0,0,0,0,0,0,0,0
2026-05-16 15:45:22,RA2,-4,Cmd110,0,0,0,0,0,0,0,0,0,0
2026-05-16 15:45:26,RA2,-4,Cmd110,0,0,0,0,0,0,0,0,0,0
2026-05-16 15:45:31,RA2,-4,Cmd110,0,0,0,0,0,0,0,0,0,0
2026-05-16 15:45:31,PLC,0,Cmd101,0,0,0,0,0,0,0,0,0,0
2026-05-16 15:45:35,RA2,-4,Cmd110,0,0,0,0,0,0,0,0,0,0
2026-05-16 15:45:39,RA2,-4,Cmd110,0,0,0,0,0,0,0,0,0,0
2026-05-16 15:45:43,RA2,-4,Cmd103,0,0,0,0,0,0,0,0,0,0
2026-05-16 15:45:47,RA2,-4,Cmd103,0,0,0,0,0,0,0,0,0,0
2026-05-16 15:45:52,RA2,-4,Cmd103,0,0,0,0,0,0,0,0,0,0
2026-05-16 15:46:00,RA2,-1,Cmd107,2,0,0,0,0,0,0,0,0,0
2026-05-16 15:46:00,PLC,0,Cmd106,0,0,0,0,0,0,0,0,0,0
2026-05-16 15:46:01,PLC,0,Cmd1,0,0,0,0,0,0,0,0,0,0
2026-05-16 15:46:04,PLC,0,Cmd101,0,0,0,0,0,0,0,0,0,0
2026-05-16 15:46:06,PLC,0,Cmd107,0,0,0,0,0,0,0,0,0,0
2026-05-16 15:46:06,RPD,0,Cmd302,0,0,0,0,0,0,0,0,0,0
2026-05-16 15:46:22,PLC,0,Cmd111,0,0,0,0,0,0,0,0,0,0
2026-05-16 15:46:22,PLC,0,Cmd315,0,0,0,0,0,0,0,0,0,0
2026-05-16 15:46:22,PLC,0,Cmd315,0,0,0,0,0,0,0,0,0,0
2026-05-16 15:46:23,PLC,0,Cmd303,0,0,0,0,0,0,0,0,0,0
2026-05-16 15:46:23,PLC,0,Cmd102,0,0,0,0,0,0,0,0,0,0
2026-05-16 15:46:24,PLC,0,Cmd2,0,0,0,0,0,0,0,0,0,0
2026-05-16 15:46:25,RA2,0,Cmd107,2,0,0,0,0,0,0,0,0,0
2026-05-16 15:46:25,RPD,0,Cmd400,10001,0,0,0,0,0,0,0,0,0
2026-05-16 15:46:38,RA2,0,Cmd421,0,8,0,0,0,0,0,0,1,0
2026-05-16 15:47:05,PLC,0,Cmd101,0,0,0,0,0,0,0,0,0,0
2026-05-16 15:47:07,PLC,0,Cmd101,0,0,0,0,0,0,0,0,0,0
2026-05-16 15:47:13,RA2,0,Cmd101,0,0,0,0,0,0,0,0,0,0
2026-05-16 15:47:13,RA2,0,Cmd101,0,0,0,0,0,0,0,0,0,0
2026-05-16 15:47:14,RA2,0,Cmd302,0,0,0,0,0,0,0,0,0,0
2026-05-16 15:47:14,RA2,0,Cmd302,0,0,0,0,0,0,0,0,0,0
2026-05-16 15:47:15,PLC,0,Cmd101,0,0,0,0,0,0,0,0,0,0
2026-05-16 15:48:09,RA2,0,Cmd421,10011,0,0,0,0,0,0,1,1,0
2026-05-16 15:48:41,PLC,0,Cmd101,0,0,0,0,0,0,0,0,0,0
2026-05-16 15:48:44,RA2,0,Cmd101,0,0,0,0,0,0,0,0,0,0
2026-05-16 15:48:44,RA2,0,Cmd101,0,0,0,0,0,0,0,0,0,0
2026-05-16 15:48:46,RA2,0,Cmd110,0,0,0,0,0,0,0,0,0,0
2026-05-16 15:48:46,RA2,0,Cmd110,0,0,0,0,0,0,0,0,0,0
2026-05-16 15:48:46,RA2,0,Cmd110,0,0,0,0,0,0,0,0,0,0
2026-05-16 15:48:46,RA2,0,Cmd110,0,0,0,0,0,0,0,0,0,0
2026-05-16 15:48:50,RA2,-4,Cmd103,0,0,0,0,0,0,0,0,0,0
2026-05-16 15:48:50,RA2,0,Cmd103,0,0,0,0,0,0,0,0,0,0
2026-05-16 15:48:50,RA2,0,Cmd103,0,0,0,0,0,0,0,0,0,0
2026-05-16 15:48:50,RA2,0,Cmd103,0,0,0,0,0,0,0,0,0,0
2026-05-16 15:48:50,RA2,0,Cmd302,0,0,0,0,0,0,0,0,0,0
2026-05-16 15:48:50,RA2,0,Cmd302,0,0,0,0,0,0,0,0,0,0
2026-05-16 15:48:50,RA2,0,Cmd103,0,0,0,0,0,0,0,0,0,0
2026-05-16 15:48:50,RA2,0,Cmd103,0,0,0,0,0,0,0,0,0,0
2026-05-16 15:48:51,RA2,0,Cmd302,0,0,0,0,0,0,0,0,0,0
2026-05-16 15:48:52,RA2,0,Cmd103,0,0,0,0,0,0,0,0,0,0
2026-05-16 15:48:52,PLC,0,Cmd101,0,0,0,0,0,0,0,0,0,0
2026-05-16 15:49:06,PLC,0,Cmd101,0,0,0,0,0,0,0,0,0,0
2026-05-16 15:54:33,PLC,0,Cmd101,0,0,0,0,0,0,0,0,0,0
2026-05-16 15:56:46,PLC,0,Cmd101,0,0,0,0,0,0,0,0,0,0
2026-05-16 15:56:48,PLC,0,Cmd101,0,0,0,0,0,0,0,0,0,0
2026-05-16 15:56:50,PLC,0,Cmd101,0,0,0,0,0,0,0,0,0,0
2026-05-16 15:56:57,RA2,0,Cmd110,0,0,0,0,0,0,0,0,0,0
2026-05-16 15:56:57,RA2,0,Cmd302,0,0,0,0,0,0,0,0,0,0
2026-05-16 15:56:57,RA2,0,Cmd302,0,0,0,0,0,0,0,0,0,0
2026-05-16 15:56:57,RA2,0,Cmd302,0,0,0,0,0,0,0,0,0,0
2026-05-16 15:56:57,RA2,0,Cmd302,0,0,0,0,0,0,0,0,0,0
2026-05-16 15:56:59,RA2,0,Cmd103,0,0,0,0,0,0,0,0,0,0
2026-05-16 15:56:59,RA2,0,Cmd103,0,0,0,0,0,0,0,0,0,0
2026-05-16 15:57:13,RA2,0,Cmd421,0,999,0,0,0,1,2,0,1,0
2026-05-16 15:57:30,PLC,0,Cmd101,0,0,0,0,0,0,0,0,0,0
2026-05-16 15:57:38,RA2,0,Cmd421,10014,0,0,0,0,1,0,0,1,0
2026-05-16 15:57:43,RPD,0,Cmd200,999,1,3,0,0,0,0,0,0,0
2026-05-16 15:57:44,RPD,0,Cmd201,0,0,0,0,0,0,0,0,0,0
2026-05-16 15:58:55,PLC,0,Cmd101,0,0,0,0,0,0,0,0,0,0
2026-05-16 16:00:49,PLC,0,Cmd101,0,0,0,0,0,0,0,0,0,0
2026-05-16 16:01:06,PLC,0,Cmd101,0,0,0,0,0,0,0,0,0,0
2026-05-16 16:01:39,RA2,0,Cmd101,0,0,0,0,0,0,0,0,0,0
2026-05-16 16:01:39,RA2,0,Cmd101,0,0,0,0,0,0,0,0,0,0
2026-05-16 16:01:43,RA2,0,Cmd101,0,0,0,0,0,0,0,0,0,0
2026-05-16 16:01:43,RA2,0,Cmd101,0,0,0,0,0,0,0,0,0,0
2026-05-16 16:01:43,RA2,0,Cmd101,0,0,0,0,0,0,0,0,0,0
2026-05-16 16:01:46,PLC,0,Cmd101,0,0,0,0,0,0,0,0,0,0
2026-05-16 16:01:47,PLC,0,Cmd101,0,0,0,0,0,0,0,0,0,0
2026-05-16 16:01:49,PLC,0,Cmd101,0,0,0,0,0,0,0,0,0,0
2026-05-16 16:01:55,RA2,0,Cmd101,0,0,0,0,0,0,0,0,0,0
2026-05-16 16:01:55,RA2,0,Cmd101,0,0,0,0,0,0,0,0,0,0
2026-05-16 16:01:57,RA2,0,Cmd101,0,0,0,0,0,0,0,0,0,0
2026-05-16 16:01:57,RA2,0,Cmd101,0,0,0,0,0,0,0,0,0,0
2026-05-16 16:02:03,RA2,0,Cmd101,0,0,0,0,0,0,0,0,0,0
2026-05-16 16:02:31,RA2,0,Cmd101,0,0,0,0,0,0,0,0,0,0
2026-05-16 16:02:31,RA2,0,Cmd101,0,0,0,0,0,0,0,0,0,0
2026-05-16 16:02:32,RA2,0,Cmd101,0,0,0,0,0,0,0,0,0,0
2026-05-16 16:02:36,RA2,-4,Cmd110,0,0,0,0,0,0,0,0,0,0
2026-05-16 16:02:40,RA2,-4,Cmd110,0,0,0,0,0,0,0,0,0,0
2026-05-16 16:02:40,RA2,0,Cmd302,0,0,0,0,0,0,0,0,0,0
2026-05-16 16:02:42,RA2,0,Cmd103,0,0,0,0,0,0,0,0,0,0
2026-05-16 16:02:42,RA2,0,Cmd103,0,0,0,0,0,0,0,0,0,0
2026-05-16 16:02:42,RA2,0,Cmd101,0,0,0,0,0,0,0,0,0,0
2026-05-16 16:02:42,RA2,0,Cmd101,0,0,0,0,0,0,0,0,0,0
2026-05-16 16:02:42,RA2,0,Cmd101,0,0,0,0,0,0,0,0,0,0
2026-05-16 16:02:42,RA2,0,Cmd302,0,0,0,0,0,0,0,0,0,0
2026-05-16 16:02:42,RA2,0,Cmd302,0,0,0,0,0,0,0,0,0,0
2026-05-16 16:02:42,PLC,0,Cmd101,0,0,0,0,0,0,0,0,0,0
2026-05-16 16:02:42,RA2,0,Cmd101,0,0,0,0,0,0,0,0,0,0
2026-05-16 16:02:48,RA2,0,Cmd421,10014,0,0,0,0,1,0,0,1,0
2026-05-16 16:02:53,RPD,0,Cmd200,999,1,4,0,0,0,0,0,0,0
2026-05-16 16:02:54,RPD,0,Cmd201,0,0,0,0,0,0,0,0,0,0
2026-05-16 16:06:22,PLC,0,Cmd101,0,0,0,0,0,0,0,0,0,0
2026-05-16 16:07:39,PLC,0,Cmd1,0,0,0,0,0,0,0,0,0,0
2026-05-16 16:07:41,PLC,0,Cmd303,0,0,0,0,0,0,0,0,0,0
2026-05-16 16:07:41,PLC,0,Cmd102,0,0,0,0,0,0,0,0,0,0
2026-05-16 16:07:42,PLC,0,Cmd101,0,0,0,0,0,0,0,0,0,0
2026-05-16 16:07:42,PLC,0,Cmd302,0,0,0,0,0,0,0,0,0,0
2026-05-16 16:07:43,PLC,0,Cmd315,0,0,0,0,0,0,0,0,0,0
2026-05-16 16:07:45,PLC,0,Cmd107,0,0,0,0,0,0,0,0,0,0
2026-05-16 16:07:45,RPD,0,Cmd302,0,0,0,0,0,0,0,0,0,0
2026-05-16 16:07:46,PLC,0,Cmd101,0,0,0,0,0,0,0,0,0,0
2026-05-16 16:07:54,PLC,0,Cmd405,10004,0,0,0,0,0,0,0,0,0
2026-05-16 16:08:19,PLC,0,Cmd101,0,0,0,0,0,0,0,0,0,0
2026-05-16 16:08:20,PLC,0,Cmd314,0,0,0,0,0,0,0,0,0,0
2026-05-16 16:08:26,PLC,0,Cmd107,1,0,0,0,0,0,0,0,0,0
2026-05-16 16:08:26,RPD,0,Cmd302,0,0,0,0,0,0,0,0,0,0
2026-05-16 16:08:28,PLC,0,Cmd107,1,0,0,0,0,0,0,0,0,0
2026-05-16 16:08:28,RPD,0,Cmd302,0,0,0,0,0,0,0,0,0,0
2026-05-16 16:08:29,PLC,0,Cmd107,1,0,0,0,0,0,0,0,0,0
2026-05-16 16:08:29,RPD,0,Cmd302,0,0,0,0,0,0,0,0,0,0
2026-05-16 16:08:34,PLC,0,Cmd111,0,0,0,0,0,0,0,0,0,0
2026-05-16 16:08:34,PLC,0,Cmd315,0,0,0,0,0,0,0,0,0,0
2026-05-16 16:08:34,PLC,0,Cmd315,0,0,0,0,0,0,0,0,0,0
2026-05-16 16:08:35,PLC,0,Cmd303,0,0,0,0,0,0,0,0,0,0
2026-05-16 16:08:35,PLC,0,Cmd140,0,0,0,0,0,0,0,0,0,0
2026-05-16 16:46:22,PLC,0,Cmd101,0,0,0,0,0,0,0,0,0,0
2026-05-17 08:59:22,PLC,0,Cmd101,0,0,0,0,0,0,0,0,0,0
2026-05-17 08:59:24,PLC,0,Cmd141,0,0,0,0,0,0,0,0,0,0
2026-05-17 08:59:24,PLC,0,Cmd101,0,0,0,0,0,0,0,0,0,0
2026-05-17 08:59:25,PLC,0,Cmd106,0,0,0,0,0,0,0,0,0,0
2026-05-17 08:59:26,PLC,0,Cmd101,0,0,0,0,0,0,0,0,0,0
2026-05-17 08:59:27,PLC,0,Cmd1,0,0,0,0,0,0,0,0,0,0
2026-05-17 08:59:27,PLC,0,Cmd302,0,0,0,0,0,0,0,0,0,0
2026-05-17 08:59:28,PLC,0,Cmd314,0,0,0,0,0,0,0,0,0,0
2026-05-17 08:59:30,PLC,0,Cmd107,0,0,0,0,0,0,0,0,0,0
2026-05-17 08:59:30,RPD,0,Cmd302,0,0,0,0,0,0,0,0,0,0
2026-05-17 08:59:38,PLC,0,Cmd111,0,0,0,0,0,0,0,0,0,0
2026-05-17 08:59:39,PLC,0,Cmd315,0,0,0,0,0,0,0,0,0,0
2026-05-17 08:59:39,PLC,0,Cmd315,0,0,0,0,0,0,0,0,0,0
2026-05-17 08:59:39,PLC,0,Cmd303,0,0,0,0,0,0,0,0,0,0
2026-05-17 08:59:40,PLC,0,Cmd102,0,0,0,0,0,0,0,0,0,0
2026-05-17 08:59:40,PLC,0,Cmd2,0,0,0,0,0,0,0,0,0,0
2026-05-17 08:59:42,RA2,0,Cmd103,0,0,0,0,0,0,0,0,0,0
2026-05-17 09:00:54,RA2,0,Cmd302,0,0,0,0,0,0,0,0,0,0
2026-05-17 09:00:58,RA2,0,Cmd421,0,8,0,0,0,0,0,0,1,0
2026-05-17 09:02:57,PLC,0,Cmd101,0,0,0,0,0,0,0,0,0,0
2026-05-17 09:03:03,PLC,0,Cmd101,0,0,0,0,0,0,0,0,0,0
2026-05-17 09:03:59,PLC,0,Cmd101,0,0,0,0,0,0,0,0,0,0
2026-05-17 09:04:00,RA2,0,Cmd103,0,0,0,0,0,0,0,0,0,0
2026-05-17 09:04:00,RA2,0,Cmd302,0,0,0,0,0,0,0,0,0,0
2026-05-17 09:04:01,RA2,0,Cmd103,0,0,0,0,0,0,0,0,0,0
2026-05-17 09:04:02,PLC,0,Cmd101,0,0,0,0,0,0,0,0,0,0
2026-05-17 09:04:08,PLC,0,Cmd101,0,0,0,0,0,0,0,0,0,0
2026-05-17 09:04:17,PLC,0,Cmd101,0,0,0,0,0,0,0,0,0,0
2026-05-17 09:04:18,PLC,0,Cmd101,0,0,0,0,0,0,0,0,0,0
2026-05-17 09:04:19,PLC,0,Cmd101,0,0,0,0,0,0,0,0,0,0
2026-05-17 09:04:20,PLC,0,Cmd101,0,0,0,0,0,0,0,0,0,0
2026-05-17 09:04:26,PLC,0,Cmd101,0,0,0,0,0,0,0,0,0,0
2026-05-17 09:04:28,PLC,0,Cmd101,0,0,0,0,0,0,0,0,0,0
2026-05-17 09:04:35,PLC,0,Cmd101,0,0,0,0,0,0,0,0,0,0
2026-05-17 09:04:41,PLC,0,Cmd101,0,0,0,0,0,0,0,0,0,0
2026-05-17 09:04:42,PLC,0,Cmd101,0,0,0,0,0,0,0,0,0,0
2026-05-17 09:04:52,PLC,0,Cmd101,0,0,0,0,0,0,0,0,0,0
2026-05-17 09:05:00,PLC,0,Cmd101,0,0,0,0,0,0,0,0,0,0
2026-05-17 09:05:03,PLC,0,Cmd101,0,0,0,0,0,0,0,0,0,0
2026-05-17 09:05:06,PLC,0,Cmd101,0,0,0,0,0,0,0,0,0,0
2026-05-17 09:05:12,RA2,0,Cmd203,0,0,0,0,0,0,0,0,0,0
2026-05-17 09:05:32,PLC,0,Cmd101,0,0,0,0,0,0,0,0,0,0
2026-05-17 09:12:34,PLC,0,Cmd101,0,0,0,0,0,0,0,0,0,0
2026-05-17 09:27:47,RA2,0,Cmd421,0,999,0,0,0,1,2,0,1,0
2026-05-17 09:27:59,RA2,0,Cmd421,10014,0,0,0,0,1,0,0,1,0
2026-05-17 09:28:04,PLC,0,Cmd101,0,0,0,0,0,0,0,0,0,0
2026-05-17 09:28:09,RPD,0,Cmd200,999,1,4,0,0,0,0,0,0,0
2026-05-17 09:28:11,RPD,0,Cmd201,0,0,0,0,0,0,0,0,0,0
2026-05-17 09:28:15,RA2,0,Cmd421,10014,0,0,0,0,1,0,0,1,0
2026-05-17 09:31:38,PLC,0,Cmd101,0,0,0,0,0,0,0,0,0,0
2026-05-17 09:31:42,RPD,0,Cmd200,999,1,3,0,0,0,0,0,0,0
2026-05-17 09:31:43,RPD,0,Cmd201,0,0,0,0,0,0,0,0,0,0
2026-05-17 09:32:55,PLC,0,Cmd101,0,0,0,0,0,0,0,0,0,0
2026-05-17 09:42:45,RA2,0,Cmd421,0,8,0,0,0,0,0,0,1,0
2026-05-17 09:45:46,PLC,0,Cmd101,0,0,0,0,0,0,0,0,0,0
2026-05-17 09:58:57,PLC,0,Cmd101,0,0,0,0,0,0,0,0,0,0
2026-05-17 10:12:26,RA2,0,Cmd421,0,999,0,0,0,1,2,0,1,0
2026-05-17 10:12:29,RA2,0,Cmd103,0,0,0,0,0,0,0,0,0,0
2026-05-17 10:12:31,RA2,0,Cmd302,0,0,0,0,0,0,0,0,0,0
2026-05-17 10:12:31,RA2,0,Cmd302,0,0,0,0,0,0,0,0,0,0
2026-05-17 10:12:31,RA2,0,Cmd302,0,0,0,0,0,0,0,0,0,0
2026-05-17 10:12:34,RA2,0,Cmd421,0,999,0,0,0,1,2,0,1,0
2026-05-17 10:12:47,PLC,0,Cmd101,0,0,0,0,0,0,0,0,0,0
2026-05-17 10:13:04,PLC,0,Cmd101,0,0,0,0,0,0,0,0,0,0
2026-05-17 10:15:22,RA2,0,Cmd421,0,8,0,0,0,0,0,0,1,0
2026-05-17 10:15:50,PLC,0,Cmd101,0,0,0,0,0,0,0,0,0,0
2026-05-17 10:17:25,PLC,0,Cmd101,0,0,0,0,0,0,0,0,0,0
2026-05-17 10:17:29,PLC,0,Cmd101,0,0,0,0,0,0,0,0,0,0
2026-05-17 10:17:30,PLC,0,Cmd101,0,0,0,0,0,0,0,0,0,0
2026-05-17 10:17:31,PLC,0,Cmd101,0,0,0,0,0,0,0,0,0,0
2026-05-17 10:17:37,RA2,0,Cmd103,0,0,0,0,0,0,0,0,0,0
2026-05-17 10:17:38,RA2,0,Cmd302,0,0,0,0,0,0,0,0,0,0
2026-05-17 10:17:38,RA2,0,Cmd302,0,0,0,0,0,0,0,0,0,0
2026-05-17 10:17:42,RA2,0,Cmd302,0,0,0,0,0,0,0,0,0,0
2026-05-17 10:17:43,RA2,0,Cmd302,0,0,0,0,0,0,0,0,0,0
2026-05-17 10:17:43,RA2,0,Cmd101,0,0,0,0,0,0,0,0,0,0
2026-05-17 10:17:43,RA2,0,Cmd101,0,0,0,0,0,0,0,0,0,0
2026-05-17 10:17:43,RA2,0,Cmd302,0,0,0,0,0,0,0,0,0,0
2026-05-17 10:17:44,PLC,0,Cmd101,0,0,0,0,0,0,0,0,0,0
2026-05-17 10:17:46,RA2,0,Cmd302,0,0,0,0,0,0,0,0,0,0
2026-05-17 10:18:05,RA2,0,Cmd302,0,0,0,0,0,0,0,0,0,0
2026-05-17 10:18:05,RA2,0,Cmd302,0,0,0,0,0,0,0,0,0,0
2026-05-17 10:18:06,RA2,0,Cmd101,0,0,0,0,0,0,0,0,0,0
2026-05-17 10:18:06,RA2,0,Cmd101,0,0,0,0,0,0,0,0,0,0
2026-05-17 10:18:06,RA2,0,Cmd101,0,0,0,0,0,0,0,0,0,0
2026-05-17 10:18:07,PLC,0,Cmd101,0,0,0,0,0,0,0,0,0,0
2026-05-17 10:18:08,PLC,0,Cmd101,0,0,0,0,0,0,0,0,0,0
2026-05-17 10:18:12,RA2,0,Cmd421,10011,0,0,0,0,0,0,1,1,0
2026-05-17 10:18:26,PLC,0,Cmd101,0,0,0,0,0,0,0,0,0,0
2026-05-17 10:22:48,PLC,0,Cmd101,0,0,0,0,0,0,0,0,0,0
2026-05-17 10:23:04,PLC,0,Cmd101,0,0,0,0,0,0,0,0,0,0
2026-05-17 10:23:22,PLC,0,Cmd101,0,0,0,0,0,0,0,0,0,0
2026-05-17 10:23:48,PLC,0,Cmd101,0,0,0,0,0,0,0,0,0,0
2026-05-17 10:23:53,PLC,0,Cmd101,0,0,0,0,0,0,0,0,0,0
2026-05-17 10:23:54,RA2,0,Cmd421,10011,0,0,0,0,0,0,1,1,0
2026-05-17 10:24:10,PLC,0,Cmd101,0,0,0,0,0,0,0,0,0,0
2026-05-17 10:29:37,PLC,0,Cmd101,0,0,0,0,0,0,0,0,0,0
2026-05-17 10:31:58,PLC,0,Cmd101,0,0,0,0,0,0,0,0,0,0
2026-05-17 10:32:01,PLC,0,Cmd101,0,0,0,0,0,0,0,0,0,0
2026-05-17 10:32:03,PLC,0,Cmd101,0,0,0,0,0,0,0,0,0,0
2026-05-17 10:32:16,RA2,0,Cmd421,0,999,0,0,0,1,2,0,1,0
2026-05-17 10:32:23,RA2,0,Cmd103,0,0,0,0,0,0,0,0,0,0
2026-05-17 10:32:25,RA2,0,Cmd302,0,0,0,0,0,0,0,0,0,0
2026-05-17 10:32:26,RA2,0,Cmd302,0,0,0,0,0,0,0,0,0,0
2026-05-17 10:32:26,RA2,0,Cmd302,0,0,0,0,0,0,0,0,0,0
2026-05-17 10:32:41,PLC,0,Cmd101,0,0,0,0,0,0,0,0,0,0
2026-05-17 10:35:36,PLC,0,Cmd101,0,0,0,0,0,0,0,0,0,0
2026-05-17 10:35:38,PLC,0,Cmd101,0,0,0,0,0,0,0,0,0,0
2026-05-17 10:35:39,PLC,0,Cmd101,0,0,0,0,0,0,0,0,0,0
2026-05-17 10:35:43,RA2,0,Cmd110,0,0,0,0,0,0,0,0,0,0
2026-05-17 10:35:43,RA2,0,Cmd302,0,0,0,0,0,0,0,0,0,0
2026-05-17 10:35:43,RA2,0,Cmd103,0,0,0,0,0,0,0,0,0,0
2026-05-17 10:35:44,RA2,0,Cmd421,10014,0,0,0,0,1,0,0,1,0
2026-05-17 10:35:46,RA2,0,Cmd421,10014,0,0,0,0,1,0,0,1,0
2026-05-17 10:35:49,RPD,0,Cmd200,999,1,3,0,0,0,0,0,0,0
2026-05-17 10:35:50,RPD,0,Cmd201,0,0,0,0,0,0,0,0,0,0
2026-05-17 10:35:52,RA2,0,Cmd426,0,0,0,0,0,0,0,0,0,0
2026-05-17 10:36:13,RA2,0,Cmd421,10014,0,0,0,0,1,0,0,1,0
2026-05-17 10:37:01,PLC,0,Cmd101,0,0,0,0,0,0,0,0,0,0
2026-05-17 10:37:05,RPD,0,Cmd200,999,1,4,0,0,0,0,0,0,0
2026-05-17 10:37:06,RPD,0,Cmd201,0,0,0,0,0,0,0,0,0,0
2026-05-17 10:40:34,PLC,0,Cmd101,0,0,0,0,0,0,0,0,0,0
2026-05-17 10:44:24,PLC,0,Cmd1,0,0,0,0,0,0,0,0,0,0
2026-05-17 10:44:24,PLC,0,Cmd102,0,0,0,0,0,0,0,0,0,0
2026-05-17 10:44:25,PLC,0,Cmd140,0,0,0,0,0,0,0,0,0,0
2026-05-17 10:44:28,PLC,0,Cmd101,0,0,0,0,0,0,0,0,0,0
2026-05-17 10:47:39,PLC,0,Cmd101,0,0,0,0,0,0,0,0,0,0
2026-05-17 10:47:40,PLC,0,Cmd315,0,0,0,0,0,0,0,0,0,0
2026-05-17 10:47:41,PLC,0,Cmd101,0,0,0,0,0,0,0,0,0,0
2026-05-17 10:47:41,PLC,0,Cmd141,0,0,0,0,0,0,0,0,0,0
2026-05-17 10:47:42,PLC,0,Cmd106,0,0,0,0,0,0,0,0,0,0
2026-05-17 10:47:43,PLC,0,Cmd1,0,0,0,0,0,0,0,0,0,0
2026-05-17 10:47:43,PLC,0,Cmd302,0,0,0,0,0,0,0,0,0,0
2026-05-17 10:47:44,PLC,0,Cmd101,0,0,0,0,0,0,0,0,0,0
2026-05-17 10:47:46,PLC,0,Cmd107,0,0,0,0,0,0,0,0,0,0
2026-05-17 10:47:46,RPD,0,Cmd302,0,0,0,0,0,0,0,0,0,0
2026-05-17 10:47:51,PLC,0,Cmd101,0,0,0,0,0,0,0,0,0,0
2026-05-17 10:47:53,PLC,0,Cmd107,0,0,0,0,0,0,0,0,0,0
2026-05-17 10:47:53,RPD,0,Cmd302,0,0,0,0,0,0,0,0,0,0
2026-05-17 10:47:53,PLC,0,Cmd405,10007,0,0,0,0,0,0,0,0,0
2026-05-17 10:48:06,PLC,0,Cmd111,0,0,0,0,0,0,0,0,0,0
2026-05-17 10:48:06,PLC,0,Cmd315,0,0,0,0,0,0,0,0,0,0
2026-05-17 10:48:07,PLC,0,Cmd315,0,0,0,0,0,0,0,0,0,0
2026-05-17 10:48:07,PLC,0,Cmd303,0,0,0,0,0,0,0,0,0,0
2026-05-17 10:48:08,PLC,0,Cmd140,0,0,0,0,0,0,0,0,0,0
2026-05-17 11:44:29,PLC,0,Cmd1,0,0,0,0,0,0,0,0,0,0
2026-05-17 11:44:31,PLC,0,Cmd101,0,0,0,0,0,0,0,0,0,0
2026-05-17 11:44:32,PLC,0,Cmd101,0,0,0,0,0,0,0,0,0,0
2026-05-17 11:44:35,PLC,0,Cmd107,0,0,0,0,0,0,0,0,0,0
2026-05-17 11:44:35,PLC,0,Cmd101,0,0,0,0,0,0,0,0,0,0
2026-05-17 11:44:46,PLC,0,Cmd303,0,0,0,0,0,0,0,0,0,0
2026-05-17 11:44:47,PLC,0,Cmd101,0,0,0,0,0,0,0,0,0,0
2026-05-17 11:44:47,PLC,0,Cmd302,0,0,0,0,0,0,0,0,0,0
2026-05-17 11:44:48,PLC,0,Cmd315,0,0,0,0,0,0,0,0,0,0
2026-05-17 11:44:52,PLC,0,Cmd405,10001,0,0,0,0,0,0,0,0,0
2026-05-17 11:45:01,PLC,0,Cmd101,0,0,0,0,0,0,0,0,0,0
2026-05-17 11:45:01,PLC,0,Cmd314,0,0,0,0,0,0,0,0,0,0
2026-05-17 11:45:11,PLC,0,Cmd111,0,0,0,0,0,0,0,0,0,0
2026-05-17 11:45:11,PLC,0,Cmd315,0,0,0,0,0,0,0,0,0,0
2026-05-17 11:45:12,PLC,0,Cmd315,0,0,0,0,0,0,0,0,0,0
2026-05-17 11:45:12,PLC,0,Cmd303,0,0,0,0,0,0,0,0,0,0
2026-05-17 11:45:12,PLC,0,Cmd102,0,0,0,0,0,0,0,0,0,0
2026-05-17 11:45:13,PLC,0,Cmd2,0,0,0,0,0,0,0,0,0,0
2026-05-17 11:45:15,RA2,0,Cmd107,2,0,0,0,0,0,0,0,0,0
2026-05-17 11:45:15,RPD,0,Cmd400,10001,0,0,0,0,0,0,0,0,0
2026-05-17 11:45:26,RA2,0,Cmd350,1,3,100,700,5,2,10,0,0,0
2026-05-17 11:45:27,RA2,0,Cmd350,1,4,80,650,5,2,10,0,0,0
2026-05-17 15:28:10,PLC,0,Cmd101,0,0,0,0,0,0,0,0,0,0
2026-05-17 22:33:55,PLC,0,Cmd101,0,0,0,0,0,0,0,0,0,0
2026-05-17 22:34:07,PLC,0,Cmd1,0,0,0,0,0,0,0,0,0,0
2026-05-17 22:34:08,PLC,0,Cmd140,0,0,0,0,0,0,0,0,0,0
2026-05-17 22:34:11,PLC,0,Cmd141,0,0,0,0,0,0,0,0,0,0
2026-05-17 22:34:11,PLC,0,Cmd101,0,0,0,0,0,0,0,0,0,0
2026-05-17 22:34:12,PLC,0,Cmd106,0,0,0,0,0,0,0,0,0,0
2026-05-17 22:34:13,PLC,0,Cmd1,0,0,0,0,0,0,0,0,0,0
2026-05-17 22:34:14,PLC,0,Cmd302,0,0,0,0,0,0,0,0,0,0
2026-05-17 22:34:19,PLC,0,Cmd101,0,0,0,0,0,0,0,0,0,0
2026-05-17 22:34:25,PLC,0,Cmd101,0,0,0,0,0,0,0,0,0,0
2026-05-17 22:34:37,PLC,0,Cmd101,0,0,0,0,0,0,0,0,0,0
2026-05-17 22:34:39,PLC,0,Cmd107,0,0,0,0,0,0,0,0,0,0
2026-05-17 22:34:39,RPD,0,Cmd302,0,0,0,0,0,0,0,0,0,0
2026-05-17 22:34:48,PLC,0,Cmd405,10007,0,0,0,0,0,0,0,0,0
2026-05-17 22:35:47,PLC,0,Cmd111,0,0,0,0,0,0,0,0,0,0
2026-05-17 22:35:48,PLC,0,Cmd315,0,0,0,0,0,0,0,0,0,0
2026-05-17 22:35:48,PLC,0,Cmd315,0,0,0,0,0,0,0,0,0,0
2026-05-17 22:35:49,PLC,0,Cmd303,0,0,0,0,0,0,0,0,0,0
2026-05-17 22:35:49,PLC,0,Cmd140,0,0,0,0,0,0,0,0,0,0
2026-05-18 00:36:32,PLC,0,Cmd141,0,0,0,0,0,0,0,0,0,0
2026-05-18 00:36:33,PLC,0,Cmd106,0,0,0,0,0,0,0,0,0,0
2026-05-18 00:36:34,PLC,0,Cmd101,0,0,0,0,0,0,0,0,0,0
2026-05-18 00:36:35,PLC,0,Cmd1,0,0,0,0,0,0,0,0,0,0
2026-05-18 00:36:36,PLC,0,Cmd101,0,0,0,0,0,0,0,0,0,0
2026-05-18 00:36:36,PLC,0,Cmd302,0,0,0,0,0,0,0,0,0,0
2026-05-18 00:36:39,PLC,0,Cmd107,0,0,0,0,0,0,0,0,0,0
2026-05-18 00:36:39,RPD,0,Cmd302,0,0,0,0,0,0,0,0,0,0
2026-05-18 00:36:45,PLC,0,Cmd405,10001,0,0,0,0,0,0,0,0,0
2026-05-18 00:36:53,PLC,0,Cmd101,0,0,0,0,0,0,0,0,0,0
2026-05-18 00:36:54,PLC,0,Cmd314,0,0,0,0,0,0,0,0,0,0
2026-05-18 00:37:34,PLC,0,Cmd303,0,0,0,0,0,0,0,0,0,0
2026-05-18 00:37:35,PLC,0,Cmd302,0,0,0,0,0,0,0,0,0,0
2026-05-18 00:37:35,PLC,0,Cmd101,0,0,0,0,0,0,0,0,0,0
2026-05-18 00:37:36,PLC,0,Cmd315,0,0,0,0,0,0,0,0,0,0
2026-05-18 00:37:38,PLC,0,Cmd101,0,0,0,0,0,0,0,0,0,0
2026-05-18 00:41:51,PLC,0,Cmd303,0,0,0,0,0,0,0,0,0,0
2026-05-18 00:41:52,PLC,0,Cmd102,0,0,0,0,0,0,0,0,0,0
2026-05-18 00:42:38,PLC,0,Cmd111,0,0,0,0,0,0,0,0,0,0
2026-05-18 00:42:43,PLC,0,Cmd101,0,0,0,0,0,0,0,0,0,0
2026-05-18 00:42:44,PLC,0,Cmd101,0,0,0,0,0,0,0,0,0,0
2026-05-18 00:42:59,PLC,0,Cmd101,0,0,0,0,0,0,0,0,0,0
2026-05-18 00:43:00,PLC,0,Cmd302,0,0,0,0,0,0,0,0,0,0
2026-05-18 00:43:00,PLC,0,Cmd303,0,0,0,0,0,0,0,0,0,0
2026-05-18 00:43:01,PLC,0,Cmd315,0,0,0,0,0,0,0,0,0,0
2026-05-18 00:43:01,PLC,0,Cmd101,0,0,0,0,0,0,0,0,0,0
2026-05-18 00:43:03,PLC,0,Cmd302,0,0,0,0,0,0,0,0,0,0
2026-05-18 00:43:03,PLC,0,Cmd101,0,0,0,0,0,0,0,0,0,0
2026-05-18 00:43:06,PLC,0,Cmd107,0,0,0,0,0,0,0,0,0,0
2026-05-18 00:43:06,RPD,0,Cmd302,0,0,0,0,0,0,0,0,0,0
2026-05-18 01:03:00,PLC,0,Cmd111,0,0,0,0,0,0,0,0,0,0
2026-05-18 01:03:00,PLC,0,Cmd315,0,0,0,0,0,0,0,0,0,0
2026-05-18 01:03:01,PLC,0,Cmd315,0,0,0,0,0,0,0,0,0,0
2026-05-18 01:03:01,PLC,0,Cmd303,0,0,0,0,0,0,0,0,0,0
2026-05-18 01:03:01,PLC,0,Cmd102,0,0,0,0,0,0,0,0,0,0
2026-05-18 01:03:02,PLC,0,Cmd2,0,0,0,0,0,0,0,0,0,0
2026-05-18 01:03:10,RA2,0,Cmd110,0,0,0,0,0,0,0,0,0,0
2026-05-18 01:03:10,RA2,0,Cmd103,0,0,0,0,0,0,0,0,0,0
2026-05-18 01:03:10,RA2,0,Cmd302,0,0,0,0,0,0,0,0,0,0
2026-05-18 01:03:24,RA2,0,Cmd350,1,4,80,650,5,2,10,0,0,0
2026-05-18 01:04:31,PLC,0,Cmd101,0,0,0,0,0,0,0,0,0,0
2026-05-18 01:04:32,PLC,0,Cmd101,0,0,0,0,0,0,0,0,0,0
2026-05-18 01:05:01,PLC,0,Cmd1,0,0,0,0,0,0,0,0,0,0
2026-05-18 01:05:05,PLC,0,Cmd111,0,0,0,0,0,0,0,0,0,0
2026-05-18 01:05:05,PLC,0,Cmd315,0,0,0,0,0,0,0,0,0,0
2026-05-18 01:05:06,PLC,0,Cmd315,0,0,0,0,0,0,0,0,0,0
2026-05-18 01:05:06,PLC,0,Cmd303,0,0,0,0,0,0,0,0,0,0
2026-05-18 01:05:07,PLC,0,Cmd140,0,0,0,0,0,0,0,0,0,0
2026-05-18 01:05:57,RA2,0,Cmd302,0,0,0,0,0,0,0,0,0,0
2026-05-18 01:26:56,PLC,0,Cmd315,0,0,0,0,0,0,0,0,0,0
2026-05-18 01:26:57,PLC,0,Cmd141,0,0,0,0,0,0,0,0,0,0
2026-05-18 01:26:58,PLC,0,Cmd101,0,0,0,0,0,0,0,0,0,0
2026-05-18 01:26:58,PLC,0,Cmd106,0,0,0,0,0,0,0,0,0,0
2026-05-18 01:26:59,PLC,0,Cmd101,0,0,0,0,0,0,0,0,0,0
2026-05-18 01:27:00,PLC,0,Cmd1,0,0,0,0,0,0,0,0,0,0
2026-05-18 01:27:00,PLC,0,Cmd302,0,0,0,0,0,0,0,0,0,0
2026-05-18 01:27:19,PLC,0,Cmd107,0,0,0,0,0,0,0,0,0,0
2026-05-18 01:27:19,RPD,0,Cmd302,0,0,0,0,0,0,0,0,0,0
2026-05-18 01:27:20,PLC,0,Cmd101,0,0,0,0,0,0,0,0,0,0
2026-05-18 02:12:44,PLC,0,Cmd101,0,0,0,0,0,0,0,0,0,0
2026-05-18 02:13:49,PLC,0,Cmd421,22,4,16386,0,0,0,0,0,1,17284
2026-05-18 02:16:43,PLC,0,Cmd101,0,0,0,0,0,0,0,0,0,0
2026-05-18 02:16:44,PLC,0,Cmd314,0,0,0,0,0,0,0,0,0,0
2026-05-18 02:16:44,PLC,0,Cmd413,0,0,0,0,0,0,0,0,0,0
2026-05-18 02:17:04,PLC,0,Cmd102,0,0,0,0,0,0,0,0,0,0
2026-05-18 02:17:07,PLC,0,Cmd101,0,0,0,0,0,0,0,0,0,0
2026-05-18 02:17:08,PLC,0,Cmd101,0,0,0,0,0,0,0,0,0,0
2026-05-18 02:17:18,PLC,0,Cmd101,0,0,0,0,0,0,0,0,0,0
2026-05-18 02:17:19,PLC,0,Cmd107,0,0,0,0,0,0,0,0,0,0
2026-05-18 02:17:19,RPD,0,Cmd302,0,0,0,0,0,0,0,0,0,0
2026-05-18 02:17:20,PLC,0,Cmd102,0,0,0,0,0,0,0,0,0,0
2026-05-18 02:18:01,PLC,0,Cmd101,0,0,0,0,0,0,0,0,0,0
2026-05-18 02:18:04,PLC,0,Cmd107,0,0,0,0,0,0,0,0,0,0
2026-05-18 02:18:04,RPD,0,Cmd302,0,0,0,0,0,0,0,0,0,0
2026-05-18 02:18:04,PLC,0,Cmd102,0,0,0,0,0,0,0,0,0,0
2026-05-18 02:18:07,PLC,0,Cmd101,0,0,0,0,0,0,0,0,0,0
2026-05-18 02:18:09,PLC,0,Cmd107,0,0,0,0,0,0,0,0,0,0
2026-05-18 02:18:09,RPD,0,Cmd302,0,0,0,0,0,0,0,0,0,0
2026-05-18 02:18:10,PLC,0,Cmd102,0,0,0,0,0,0,0,0,0,0
2026-05-18 02:18:10,PLC,0,Cmd101,0,0,0,0,0,0,0,0,0,0
2026-05-18 02:18:12,PLC,0,Cmd107,0,0,0,0,0,0,0,0,0,0
2026-05-18 02:18:12,RPD,0,Cmd302,0,0,0,0,0,0,0,0,0,0
2026-05-18 02:18:12,PLC,0,Cmd101,0,0,0,0,0,0,0,0,0,0
2026-05-18 02:18:13,PLC,0,Cmd102,0,0,0,0,0,0,0,0,0,0
2026-05-18 02:18:15,PLC,0,Cmd101,0,0,0,0,0,0,0,0,0,0
2026-05-18 02:18:16,PLC,0,Cmd101,0,0,0,0,0,0,0,0,0,0
2026-05-18 02:18:17,PLC,0,Cmd107,0,0,0,0,0,0,0,0,0,0
2026-05-18 02:18:17,RPD,0,Cmd302,0,0,0,0,0,0,0,0,0,0
2026-05-18 02:18:19,PLC,0,Cmd102,0,0,0,0,0,0,0,0,0,0
2026-05-18 02:18:20,PLC,0,Cmd101,0,0,0,0,0,0,0,0,0,0
2026-05-18 02:18:22,PLC,0,Cmd107,0,0,0,0,0,0,0,0,0,0
2026-05-18 02:18:22,RPD,0,Cmd302,0,0,0,0,0,0,0,0,0,0
2026-05-18 02:18:22,PLC,0,Cmd102,0,0,0,0,0,0,0,0,0,0
2026-05-18 02:18:28,PLC,0,Cmd101,0,0,0,0,0,0,0,0,0,0
2026-05-18 02:18:29,PLC,0,Cmd101,0,0,0,0,0,0,0,0,0,0
2026-05-18 02:18:31,PLC,0,Cmd107,0,0,0,0,0,0,0,0,0,0
2026-05-18 02:18:31,RPD,0,Cmd302,0,0,0,0,0,0,0,0,0,0
2026-05-18 02:18:32,PLC,0,Cmd102,0,0,0,0,0,0,0,0,0,0
2026-05-18 02:18:32,PLC,0,Cmd101,0,0,0,0,0,0,0,0,0,0
2026-05-18 02:18:33,PLC,0,Cmd101,0,0,0,0,0,0,0,0,0,0
2026-05-18 02:18:33,PLC,0,Cmd315,0,0,0,0,0,0,0,0,0,0
2026-05-18 02:18:34,PLC,0,Cmd107,0,0,0,0,0,0,0,0,0,0
2026-05-18 02:18:34,RPD,0,Cmd302,0,0,0,0,0,0,0,0,0,0
2026-05-18 02:18:36,PLC,0,Cmd315,0,0,0,0,0,0,0,0,0,0
2026-05-18 02:18:36,PLC,0,Cmd101,0,0,0,0,0,0,0,0,0,0
2026-05-18 02:18:37,PLC,0,Cmd101,0,0,0,0,0,0,0,0,0,0
2026-05-18 02:18:38,PLC,0,Cmd101,0,0,0,0,0,0,0,0,0,0
2026-05-18 02:21:44,PLC,0,Cmd405,10004,0,0,0,0,0,0,0,0,0
2026-05-18 02:22:11,PLC,0,Cmd314,0,0,0,0,0,0,0,0,0,0
2026-05-18 02:22:15,PLC,0,Cmd111,0,0,0,0,0,0,0,0,0,0
2026-05-18 02:22:16,PLC,0,Cmd315,0,0,0,0,0,0,0,0,0,0
2026-05-18 02:22:16,PLC,0,Cmd315,0,0,0,0,0,0,0,0,0,0
2026-05-18 02:22:17,PLC,0,Cmd303,0,0,0,0,0,0,0,0,0,0
2026-05-18 02:22:17,PLC,0,Cmd102,0,0,0,0,0,0,0,0,0,0
2026-05-18 02:22:18,PLC,0,Cmd2,0,0,0,0,0,0,0,0,0,0
2026-05-18 02:22:22,RA2,0,Cmd110,0,0,0,0,0,0,0,0,0,0
2026-05-18 02:22:22,RA2,0,Cmd302,0,0,0,0,0,0,0,0,0,0
2026-05-18 02:22:22,RA2,0,Cmd103,0,0,0,0,0,0,0,0,0,0
2026-05-18 02:22:38,RA2,0,Cmd421,0,999,0,0,0,1,8,0,1,0
2026-05-18 02:22:40,RA2,0,Cmd421,0,999,0,0,0,1,2,0,1,0
2026-05-18 02:22:46,RA2,0,Cmd421,0,999,0,0,0,1,2,0,1,0
2026-05-18 02:22:56,PLC,0,Cmd101,0,0,0,0,0,0,0,0,0,0
2026-05-18 02:23:14,PLC,0,Cmd101,0,0,0,0,0,0,0,0,0,0
2026-05-18 02:23:31,PLC,0,Cmd101,0,0,0,0,0,0,0,0,0,0
2026-05-18 02:23:51,PLC,0,Cmd1,0,0,0,0,0,0,0,0,0,0
2026-05-18 02:24:32,PLC,0,Cmd101,0,0,0,0,0,0,0,0,0,0
2026-05-18 02:24:33,PLC,0,Cmd107,0,0,0,0,0,0,0,0,0,0
2026-05-18 02:24:33,RPD,0,Cmd302,0,0,0,0,0,0,0,0,0,0
2026-05-18 02:24:35,PLC,0,Cmd421,22,4,16386,0,0,0,0,0,1,17285
2026-05-18 02:24:35,PLC,0,Cmd101,0,0,0,0,0,0,0,0,0,0
2026-05-18 02:24:36,PLC,0,Cmd203,0,0,0,0,0,0,0,0,0,0
2026-05-18 02:24:37,PLC,0,Cmd107,0,0,0,0,0,0,0,0,0,0
2026-05-18 02:24:37,RPD,0,Cmd302,0,0,0,0,0,0,0,0,0,0
2026-05-18 02:25:06,PLC,0,Cmd101,0,0,0,0,0,0,0,0,0,0
2026-05-18 02:25:07,PLC,0,Cmd314,0,0,0,0,0,0,0,0,0,0
2026-05-18 02:25:07,PLC,0,Cmd413,0,0,0,0,0,0,0,0,0,0
2026-05-18 02:25:07,PLC,0,Cmd102,0,0,0,0,0,0,0,0,0,0
2026-05-18 02:25:13,PLC,0,Cmd101,0,0,0,0,0,0,0,0,0,0
2026-05-18 02:25:14,PLC,0,Cmd107,0,0,0,0,0,0,0,0,0,0
2026-05-18 02:25:14,RPD,0,Cmd302,0,0,0,0,0,0,0,0,0,0
2026-05-18 02:25:14,PLC,0,Cmd102,0,0,0,0,0,0,0,0,0,0
2026-05-18 02:25:23,PLC,0,Cmd107,0,0,0,0,0,0,0,0,0,0
2026-05-18 02:25:23,RPD,0,Cmd302,0,0,0,0,0,0,0,0,0,0
2026-05-18 02:25:24,PLC,0,Cmd101,0,0,0,0,0,0,0,0,0,0
2026-05-18 02:26:15,PLC,0,Cmd101,0,0,0,0,0,0,0,0,0,0
2026-05-18 02:26:38,PLC,0,Cmd314,0,0,0,0,0,0,0,0,0,0
2026-05-18 02:26:40,PLC,0,Cmd101,0,0,0,0,0,0,0,0,0,0
2026-05-18 02:29:01,PLC,0,Cmd405,10004,0,0,0,0,0,0,0,0,0
2026-05-18 02:29:27,PLC,0,Cmd101,0,0,0,0,0,0,0,0,0,0
2026-05-18 02:29:28,PLC,0,Cmd314,0,0,0,0,0,0,0,0,0,0
2026-05-18 02:30:36,PLC,0,Cmd421,22,4,16386,0,0,0,0,0,1,17286
2026-05-18 02:30:55,PLC,0,Cmd413,0,0,0,0,0,0,0,0,0,0
2026-05-18 02:34:26,PLC,0,Cmd405,10004,0,0,0,0,0,0,0,0,0
2026-05-18 02:34:52,PLC,0,Cmd101,0,0,0,0,0,0,0,0,0,0
2026-05-18 02:34:52,PLC,0,Cmd314,0,0,0,0,0,0,0,0,0,0
2026-05-18 02:36:02,PLC,0,Cmd421,22,2,16386,0,0,0,0,0,1,17287
2026-05-18 02:37:53,PLC,0,Cmd101,0,0,0,0,0,0,0,0,0,0
2026-05-18 02:37:54,PLC,0,Cmd314,0,0,0,0,0,0,0,0,0,0
2026-05-18 02:37:54,PLC,0,Cmd413,0,0,0,0,0,0,0,0,0,0
2026-05-18 02:38:10,PLC,0,Cmd101,0,0,0,0,0,0,0,0,0,0
2026-05-18 02:38:11,PLC,0,Cmd107,0,0,0,0,0,0,0,0,0,0
2026-05-18 02:38:11,RPD,0,Cmd302,0,0,0,0,0,0,0,0,0,0
2026-05-18 02:41:34,PLC,0,Cmd405,10004,0,0,0,0,0,0,0,0,0
2026-05-18 02:42:00,PLC,0,Cmd101,0,0,0,0,0,0,0,0,0,0
2026-05-18 02:42:01,PLC,0,Cmd314,0,0,0,0,0,0,0,0,0,0
2026-05-18 02:42:53,PLC,0,Cmd421,22,2,16386,0,0,0,0,0,1,17288
2026-05-18 02:43:12,PLC,0,Cmd413,0,0,0,0,0,0,0,0,0,0
2026-05-18 02:43:31,PLC,0,Cmd101,0,0,0,0,0,0,0,0,0,0
2026-05-18 02:43:32,PLC,0,Cmd101,0,0,0,0,0,0,0,0,0,0
2026-05-18 02:43:34,PLC,0,Cmd107,0,0,0,0,0,0,0,0,0,0
2026-05-18 02:43:34,RPD,0,Cmd302,0,0,0,0,0,0,0,0,0,0
2026-05-18 02:46:57,PLC,0,Cmd405,10004,0,0,0,0,0,0,0,0,0
2026-05-18 02:47:23,PLC,0,Cmd101,0,0,0,0,0,0,0,0,0,0
2026-05-18 02:47:23,PLC,0,Cmd314,0,0,0,0,0,0,0,0,0,0
2026-05-18 02:48:09,PLC,0,Cmd421,22,2,16386,0,0,0,0,0,1,17289
2026-05-18 02:48:29,PLC,0,Cmd413,0,0,0,0,0,0,0,0,0,0
2026-05-18 02:52:02,PLC,0,Cmd405,10004,0,0,0,0,0,0,0,0,0
2026-05-18 02:52:27,PLC,0,Cmd101,0,0,0,0,0,0,0,0,0,0
2026-05-18 02:52:28,PLC,0,Cmd314,0,0,0,0,0,0,0,0,0,0
2026-05-18 02:56:16,PLC,0,Cmd111,0,0,0,0,0,0,0,0,0,0
2026-05-18 02:56:17,PLC,0,Cmd315,0,0,0,0,0,0,0,0,0,0
2026-05-18 02:56:17,PLC,0,Cmd315,0,0,0,0,0,0,0,0,0,0
2026-05-18 02:56:18,PLC,0,Cmd303,0,0,0,0,0,0,0,0,0,0
2026-05-18 02:56:18,PLC,0,Cmd102,0,0,0,0,0,0,0,0,0,0
2026-05-18 02:56:19,PLC,0,Cmd2,0,0,0,0,0,0,0,0,0,0
2026-05-18 02:56:35,RA2,0,Cmd110,0,0,0,0,0,0,0,0,0,0
2026-05-18 02:56:35,RA2,0,Cmd302,0,0,0,0,0,0,0,0,0,0
2026-05-18 02:56:35,RA2,0,Cmd103,0,0,0,0,0,0,0,0,0,0
2026-05-18 02:56:38,RA2,0,Cmd421,0,999,0,0,0,1,5,0,1,0
2026-05-18 02:56:39,RA2,0,Cmd421,0,999,0,0,0,1,8,0,1,0
2026-05-18 02:56:55,PLC,0,Cmd101,0,0,0,0,0,0,0,0,0,0
2026-05-18 02:57:13,PLC,0,Cmd101,0,0,0,0,0,0,0,0,0,0
2026-05-18 02:58:39,PLC,0,Cmd1,0,0,0,0,0,0,0,0,0,0
2026-05-18 02:58:42,PLC,0,Cmd107,1,0,0,0,0,0,0,0,0,0
2026-05-18 02:58:42,RPD,0,Cmd302,0,0,0,0,0,0,0,0,0,0
2026-05-18 02:58:43,PLC,0,Cmd107,1,0,0,0,0,0,0,0,0,0
2026-05-18 02:58:43,RPD,0,Cmd302,0,0,0,0,0,0,0,0,0,0
2026-05-18 02:58:45,PLC,0,Cmd102,0,0,0,0,0,0,0,0,0,0
2026-05-18 02:58:47,PLC,0,Cmd111,0,0,0,0,0,0,0,0,0,0
2026-05-18 02:58:47,PLC,0,Cmd315,0,0,0,0,0,0,0,0,0,0
2026-05-18 02:58:48,PLC,0,Cmd140,0,0,0,0,0,0,0,0,0,0
2026-05-18 04:16:27,PLC,0,Cmd101,0,0,0,0,0,0,0,0,0,0
2026-05-18 04:18:25,PLC,0,Cmd141,0,0,0,0,0,0,0,0,0,0
2026-05-18 04:18:25,PLC,0,Cmd106,0,0,0,0,0,0,0,0,0,0
2026-05-18 04:18:26,PLC,0,Cmd101,0,0,0,0,0,0,0,0,0,0
2026-05-18 04:18:27,PLC,0,Cmd1,0,0,0,0,0,0,0,0,0,0
2026-05-18 04:18:28,PLC,0,Cmd101,0,0,0,0,0,0,0,0,0,0
2026-05-18 05:37:55,PLC,0,Cmd101,0,0,0,0,0,0,0,0,0,0
2026-05-18 05:37:56,PLC,0,Cmd101,0,0,0,0,0,0,0,0,0,0
2026-05-18 05:37:57,PLC,0,Cmd302,0,0,0,0,0,0,0,0,0,0
2026-05-18 05:37:57,PLC,0,Cmd101,0,0,0,0,0,0,0,0,0,0
2026-05-18 05:38:00,PLC,0,Cmd107,0,0,0,0,0,0,0,0,0,0
2026-05-18 05:38:00,RPD,0,Cmd302,0,0,0,0,0,0,0,0,0,0
2026-05-18 05:38:02,PLC,0,Cmd101,0,0,0,0,0,0,0,0,0,0
2026-05-18 05:38:08,PLC,0,Cmd107,1,0,0,0,0,0,0,0,0,0
2026-05-18 05:38:08,RPD,0,Cmd302,0,0,0,0,0,0,0,0,0,0
2026-05-18 07:06:24,PLC,0,Cmd101,0,0,0,0,0,0,0,0,0,0
2026-05-18 07:17:48,PLC,0,Cmd107,1,0,0,0,0,0,0,0,0,0
2026-05-18 07:17:48,RPD,0,Cmd302,0,0,0,0,0,0,0,0,0,0
2026-05-18 07:18:11,PLC,0,Cmd101,0,0,0,0,0,0,0,0,0,0
2026-05-18 08:34:29,PLC,0,Cmd421,22,4,16386,0,0,0,0,0,1,37
2026-05-18 08:35:00,PLC,0,Cmd101,0,0,0,0,0,0,0,0,0,0
2026-05-18 08:35:01,PLC,0,Cmd314,0,0,0,0,0,0,0,0,0,0
2026-05-18 08:35:01,PLC,0,Cmd413,0,0,0,0,0,0,0,0,0,0
2026-05-18 08:35:19,PLC,0,Cmd101,0,0,0,0,0,0,0,0,0,0
2026-05-18 08:35:20,PLC,0,Cmd101,0,0,0,0,0,0,0,0,0,0
2026-05-18 08:35:22,PLC,0,Cmd107,0,0,0,0,0,0,0,0,0,0
2026-05-18 08:35:22,RPD,0,Cmd302,0,0,0,0,0,0,0,0,0,0
2026-05-18 08:35:31,PLC,0,Cmd101,0,0,0,0,0,0,0,0,0,0
2026-05-18 08:38:44,PLC,0,Cmd405,10004,0,0,0,0,0,0,0,0,0
2026-05-18 08:39:10,PLC,0,Cmd101,0,0,0,0,0,0,0,0,0,0
2026-05-18 08:39:11,PLC,0,Cmd314,0,0,0,0,0,0,0,0,0,0
2026-05-18 08:47:46,PLC,0,Cmd421,22,4,16386,0,0,0,0,0,1,105
2026-05-18 08:47:50,PLC,0,Cmd413,0,0,0,0,0,0,0,0,0,0
2026-05-18 08:48:07,PLC,0,Cmd101,0,0,0,0,0,0,0,0,0,0
2026-05-18 08:48:09,PLC,0,Cmd101,0,0,0,0,0,0,0,0,0,0
2026-05-18 08:48:10,PLC,0,Cmd107,0,0,0,0,0,0,0,0,0,0
2026-05-18 08:48:10,RPD,0,Cmd302,0,0,0,0,0,0,0,0,0,0
2026-05-18 08:48:11,PLC,0,Cmd101,0,0,0,0,0,0,0,0,0,0
2026-05-18 08:51:33,PLC,0,Cmd405,10004,0,0,0,0,0,0,0,0,0
2026-05-18 08:51:59,PLC,0,Cmd101,0,0,0,0,0,0,0,0,0,0
2026-05-18 08:52:00,PLC,0,Cmd314,0,0,0,0,0,0,0,0,0,0
2026-05-18 08:52:45,PLC,0,Cmd421,22,4,16386,0,0,0,0,0,1,20
2026-05-18 08:52:49,PLC,0,Cmd413,0,0,0,0,0,0,0,0,0,0
2026-05-18 08:53:07,PLC,0,Cmd101,0,0,0,0,0,0,0,0,0,0
2026-05-18 08:53:10,PLC,0,Cmd107,0,0,0,0,0,0,0,0,0,0
2026-05-18 08:53:10,RPD,0,Cmd302,0,0,0,0,0,0,0,0,0,0
2026-05-18 08:56:33,PLC,0,Cmd405,10004,0,0,0,0,0,0,0,0,0
2026-05-18 08:56:59,PLC,0,Cmd101,0,0,0,0,0,0,0,0,0,0
2026-05-18 08:56:59,PLC,0,Cmd314,0,0,0,0,0,0,0,0,0,0
2026-05-18 08:57:48,PLC,0,Cmd421,22,4,16386,0,0,0,0,0,1,61
2026-05-18 08:57:52,PLC,0,Cmd413,0,0,0,0,0,0,0,0,0,0
2026-05-18 08:58:09,PLC,0,Cmd101,0,0,0,0,0,0,0,0,0,0
2026-05-18 08:58:12,PLC,0,Cmd107,0,0,0,0,0,0,0,0,0,0
2026-05-18 08:58:12,RPD,0,Cmd302,0,0,0,0,0,0,0,0,0,0
2026-05-18 09:01:35,PLC,0,Cmd405,10004,0,0,0,0,0,0,0,0,0
2026-05-18 09:02:01,PLC,0,Cmd101,0,0,0,0,0,0,0,0,0,0
2026-05-18 09:02:01,PLC,0,Cmd314,0,0,0,0,0,0,0,0,0,0
2026-05-18 09:02:02,PLC,0,Cmd421,26,10,49152,1333,654,0,0,0,1,113
2026-05-18 09:02:47,PLC,0,Cmd101,0,0,0,0,0,0,0,0,0,0
2026-05-18 09:02:48,PLC,0,Cmd314,0,0,0,0,0,0,0,0,0,0
2026-05-18 09:02:49,PLC,0,Cmd413,0,0,0,0,0,0,0,0,0,0
2026-05-18 09:06:19,PLC,0,Cmd405,10004,0,0,0,0,0,0,0,0,0
2026-05-18 09:06:44,PLC,0,Cmd101,0,0,0,0,0,0,0,0,0,0
2026-05-18 09:06:45,PLC,0,Cmd314,0,0,0,0,0,0,0,0,0,0
2026-05-18 09:09:11,PLC,0,Cmd421,51,4,16385,0,0,0,0,0,1,48
2026-05-18 09:09:56,PLC,0,Cmd101,0,0,0,0,0,0,0,0,0,0
2026-05-18 09:09:57,PLC,0,Cmd314,0,0,0,0,0,0,0,0,0,0
2026-05-18 09:09:58,PLC,0,Cmd413,0,0,0,0,0,0,0,0,0,0
2026-05-18 09:10:13,PLC,0,Cmd101,0,0,0,0,0,0,0,0,0,0
2026-05-18 09:10:14,PLC,0,Cmd107,0,0,0,0,0,0,0,0,0,0
2026-05-18 09:10:14,RPD,0,Cmd302,0,0,0,0,0,0,0,0,0,0
2026-05-18 09:10:15,PLC,0,Cmd101,0,0,0,0,0,0,0,0,0,0
2026-05-18 09:12:20,PLC,0,Cmd405,10004,0,0,0,0,0,0,0,0,0
2026-05-18 09:12:46,PLC,0,Cmd101,0,0,0,0,0,0,0,0,0,0
2026-05-18 09:12:46,PLC,0,Cmd314,0,0,0,0,0,0,0,0,0,0
2026-05-18 09:28:57,PLC,0,Cmd101,0,0,0,0,0,0,0,0,0,0
2026-05-18 09:39:19,PLC,0,Cmd421,22,4,16386,0,0,0,0,0,1,153
2026-05-18 09:39:22,PLC,0,Cmd413,0,0,0,0,0,0,0,0,0,0
2026-05-18 09:39:48,PLC,0,Cmd101,0,0,0,0,0,0,0,0,0,0
2026-05-18 09:39:49,PLC,0,Cmd101,0,0,0,0,0,0,0,0,0,0
2026-05-18 09:39:50,PLC,0,Cmd107,0,0,0,0,0,0,0,0,0,0
2026-05-18 09:39:50,RPD,0,Cmd302,0,0,0,0,0,0,0,0,0,0
2026-05-18 09:39:52,PLC,0,Cmd101,0,0,0,0,0,0,0,0,0,0
2026-05-18 09:43:13,PLC,0,Cmd405,10004,0,0,0,0,0,0,0,0,0
2026-05-18 09:43:39,PLC,0,Cmd101,0,0,0,0,0,0,0,0,0,0
2026-05-18 09:43:40,PLC,0,Cmd314,0,0,0,0,0,0,0,0,0,0
2026-05-18 09:44:17,PLC,0,Cmd421,22,4,16386,0,0,0,0,0,1,244
2026-05-18 09:44:21,PLC,0,Cmd413,0,0,0,0,0,0,0,0,0,0
2026-05-18 09:44:46,PLC,0,Cmd101,0,0,0,0,0,0,0,0,0,0
2026-05-18 09:44:47,PLC,0,Cmd101,0,0,0,0,0,0,0,0,0,0
2026-05-18 09:44:48,PLC,0,Cmd107,0,0,0,0,0,0,0,0,0,0
2026-05-18 09:44:48,RPD,0,Cmd302,0,0,0,0,0,0,0,0,0,0
2026-05-18 09:44:49,PLC,0,Cmd101,0,0,0,0,0,0,0,0,0,0
2026-05-18 09:48:12,PLC,0,Cmd405,10004,0,0,0,0,0,0,0,0,0
2026-05-18 09:48:37,PLC,0,Cmd101,0,0,0,0,0,0,0,0,0,0
2026-05-18 09:48:38,PLC,0,Cmd421,22,10,49216,0,1920,0,0,0,1,144
2026-05-18 09:48:39,PLC,0,Cmd314,0,0,0,0,0,0,0,0,0,0
2026-05-18 09:49:23,PLC,0,Cmd101,0,0,0,0,0,0,0,0,0,0
2026-05-18 09:49:24,PLC,0,Cmd314,0,0,0,0,0,0,0,0,0,0
2026-05-18 09:49:24,PLC,0,Cmd102,0,0,0,0,0,0,0,0,0,0
2026-05-18 09:49:29,PLC,0,Cmd101,0,0,0,0,0,0,0,0,0,0
2026-05-18 09:49:30,PLC,0,Cmd101,0,0,0,0,0,0,0,0,0,0
2026-05-18 09:49:32,PLC,0,Cmd107,0,0,0,0,0,0,0,0,0,0
2026-05-18 09:49:32,RPD,0,Cmd302,0,0,0,0,0,0,0,0,0,0
2026-05-18 09:49:33,PLC,0,Cmd413,0,0,0,0,0,0,0,0,0,0
2026-05-18 09:49:34,PLC,0,Cmd101,0,0,0,0,0,0,0,0,0,0
2026-05-18 09:51:22,PLC,0,Cmd405,10004,0,0,0,0,0,0,0,0,0
2026-05-18 09:51:47,PLC,0,Cmd101,0,0,0,0,0,0,0,0,0,0
2026-05-18 09:51:48,PLC,0,Cmd314,0,0,0,0,0,0,0,0,0,0
2026-05-18 09:54:49,PLC,0,Cmd421,51,2,49154,0,135,0,0,0,1,82
2026-05-18 09:55:36,PLC,0,Cmd101,0,0,0,0,0,0,0,0,0,0
2026-05-18 09:55:36,PLC,0,Cmd314,0,0,0,0,0,0,0,0,0,0
2026-05-18 09:55:37,PLC,0,Cmd413,0,0,0,0,0,0,0,0,0,0
2026-05-18 09:58:03,PLC,0,Cmd405,10004,0,0,0,0,0,0,0,0,0
2026-05-18 09:58:29,PLC,0,Cmd101,0,0,0,0,0,0,0,0,0,0
2026-05-18 09:58:30,PLC,0,Cmd314,0,0,0,0,0,0,0,0,0,0
2026-05-18 10:02:39,PLC,0,Cmd421,22,10,16448,0,0,0,0,0,1,232
2026-05-18 10:03:24,PLC,0,Cmd101,0,0,0,0,0,0,0,0,0,0
2026-05-18 10:03:24,PLC,0,Cmd314,0,0,0,0,0,0,0,0,0,0
2026-05-18 10:03:25,PLC,0,Cmd413,0,0,0,0,0,0,0,0,0,0
2026-05-18 10:04:14,PLC,0,Cmd101,0,0,0,0,0,0,0,0,0,0
2026-05-18 10:04:18,PLC,0,Cmd107,0,0,0,0,0,0,0,0,0,0
2026-05-18 10:04:18,RPD,0,Cmd302,0,0,0,0,0,0,0,0,0,0
2026-05-18 10:07:39,PLC,0,Cmd405,10004,0,0,0,0,0,0,0,0,0
2026-05-18 10:08:05,PLC,0,Cmd101,0,0,0,0,0,0,0,0,0,0
2026-05-18 10:08:05,PLC,0,Cmd314,0,0,0,0,0,0,0,0,0,0
2026-05-18 10:19:24,PLC,0,Cmd421,26,4,49152,309,648,0,0,0,1,67
2026-05-18 10:20:09,PLC,0,Cmd101,0,0,0,0,0,0,0,0,0,0
2026-05-18 10:20:10,PLC,0,Cmd314,0,0,0,0,0,0,0,0,0,0
2026-05-18 10:20:11,PLC,0,Cmd413,0,0,0,0,0,0,0,0,0,0
2026-05-18 10:22:58,PLC,0,Cmd405,10004,0,0,0,0,0,0,0,0,0
2026-05-18 10:23:24,PLC,0,Cmd101,0,0,0,0,0,0,0,0,0,0
2026-05-18 10:23:24,PLC,0,Cmd314,0,0,0,0,0,0,0,0,0,0
2026-05-18 10:48:21,PLC,0,Cmd421,51,4,16385,0,0,0,0,0,1,24
2026-05-18 10:48:25,PLC,0,Cmd413,0,0,0,0,0,0,0,0,0,0
2026-05-18 10:50:37,PLC,0,Cmd405,10004,0,0,0,0,0,0,0,0,0
2026-05-18 10:51:03,PLC,0,Cmd101,0,0,0,0,0,0,0,0,0,0
2026-05-18 10:51:03,PLC,0,Cmd314,0,0,0,0,0,0,0,0,0,0
2026-05-18 10:51:31,PLC,0,Cmd111,0,0,0,0,0,0,0,0,0,0
2026-05-18 10:51:32,PLC,0,Cmd315,0,0,0,0,0,0,0,0,0,0
2026-05-18 10:51:32,PLC,0,Cmd315,0,0,0,0,0,0,0,0,0,0
2026-05-18 10:51:32,PLC,0,Cmd303,0,0,0,0,0,0,0,0,0,0
2026-05-18 10:51:33,PLC,0,Cmd140,0,0,0,0,0,0,0,0,0,0
2026-05-18 10:53:22,PLC,0,Cmd141,0,0,0,0,0,0,0,0,0,0
2026-05-18 10:53:23,PLC,0,Cmd101,0,0,0,0,0,0,0,0,0,0
2026-05-18 10:53:23,PLC,0,Cmd106,0,0,0,0,0,0,0,0,0,0
2026-05-18 10:53:24,PLC,0,Cmd1,0,0,0,0,0,0,0,0,0,0
2026-05-18 10:53:27,PLC,0,Cmd101,0,0,0,0,0,0,0,0,0,0
2026-05-18 10:53:29,PLC,0,Cmd107,0,0,0,0,0,0,0,0,0,0
2026-05-18 10:53:30,PLC,0,Cmd101,0,0,0,0,0,0,0,0,0,0
2026-05-18 10:53:31,PLC,0,Cmd314,0,0,0,0,0,0,0,0,0,0
2026-05-18 10:53:32,PLC,0,Cmd107,0,0,0,0,0,0,0,0,0,0
2026-05-18 10:53:36,PLC,0,Cmd107,1,0,0,0,0,0,0,0,0,0
2026-05-18 10:56:26,PLC,0,Cmd107,1,0,0,0,0,0,0,0,0,0
2026-05-18 10:56:31,PLC,0,Cmd421,22,4,16385,0,0,0,0,0,1,17290
2026-05-18 10:56:50,PLC,0,Cmd413,0,0,0,0,0,0,0,0,0,0
2026-05-18 11:00:20,PLC,0,Cmd405,10004,0,0,0,0,0,0,0,0,0
2026-05-18 11:00:46,PLC,0,Cmd101,0,0,0,0,0,0,0,0,0,0
2026-05-18 11:00:47,PLC,0,Cmd314,0,0,0,0,0,0,0,0,0,0
2026-05-18 11:01:03,PLC,0,Cmd107,1,0,0,0,0,0,0,0,0,0
2026-05-18 11:01:05,PLC,0,Cmd101,0,0,0,0,0,0,0,0,0,0
2026-05-18 11:01:25,PLC,0,Cmd421,26,4,49152,32,520,0,0,0,1,240
2026-05-18 11:01:29,PLC,0,Cmd413,0,0,0,0,0,0,0,0,0,0
2026-05-18 11:02:57,PLC,0,Cmd405,10004,0,0,0,0,0,0,0,0,0
2026-05-18 11:03:23,PLC,0,Cmd101,0,0,0,0,0,0,0,0,0,0
2026-05-18 11:03:24,PLC,0,Cmd314,0,0,0,0,0,0,0,0,0,0
2026-05-18 11:13:40,PLC,0,Cmd421,51,2,16392,0,0,0,0,0,1,33
2026-05-18 11:14:26,PLC,0,Cmd101,0,0,0,0,0,0,0,0,0,0
2026-05-18 11:14:27,PLC,0,Cmd314,0,0,0,0,0,0,0,0,0,0
2026-05-18 11:14:27,PLC,0,Cmd413,0,0,0,0,0,0,0,0,0,0
2026-05-18 11:19:39,PLC,0,Cmd405,10004,0,0,0,0,0,0,0,0,0
2026-05-18 11:20:05,PLC,0,Cmd101,0,0,0,0,0,0,0,0,0,0
2026-05-18 11:20:05,PLC,0,Cmd314,0,0,0,0,0,0,0,0,0,0
2026-05-18 11:20:26,PLC,0,Cmd421,26,2,49152,1961,17146,0,0,0,1,102
2026-05-18 11:20:30,PLC,0,Cmd413,0,0,0,0,0,0,0,0,0,0
2026-05-18 11:25:19,PLC,0,Cmd405,10004,0,0,0,0,0,0,0,0,0
2026-05-18 11:25:44,PLC,0,Cmd101,0,0,0,0,0,0,0,0,0,0
2026-05-18 11:25:45,PLC,0,Cmd314,0,0,0,0,0,0,0,0,0,0
2026-05-18 11:27:26,PLC,0,Cmd107,1,0,0,0,0,0,0,0,0,0
2026-05-18 11:27:49,PLC,0,Cmd107,1,0,0,0,0,0,0,0,0,0
2026-05-18 11:28:09,PLC,0,Cmd421,28,4,17409,0,0,0,0,0,1,17291
2026-05-18 11:28:13,PLC,0,Cmd101,0,0,0,0,0,0,0,0,0,0
2026-05-18 11:28:54,PLC,0,Cmd101,0,0,0,0,0,0,0,0,0,0
2026-05-18 11:28:54,PLC,0,Cmd314,0,0,0,0,0,0,0,0,0,0
2026-05-18 11:28:55,PLC,0,Cmd413,0,0,0,0,0,0,0,0,0,0
2026-05-18 11:29:17,PLC,0,Cmd315,0,0,0,0,0,0,0,0,0,0
2026-05-18 11:29:17,PLC,0,Cmd303,0,0,0,0,0,0,0,0,0,0
2026-05-18 11:29:19,PLC,0,Cmd101,0,0,0,0,0,0,0,0,0,0
2026-05-18 11:29:21,PLC,0,Cmd101,0,0,0,0,0,0,0,0,0,0
2026-05-18 11:41:07,PLC,0,Cmd302,0,0,0,0,0,0,0,0,0,0
2026-05-18 11:41:07,PLC,0,Cmd314,0,0,0,0,0,0,0,0,0,0
2026-05-18 11:41:09,PLC,0,Cmd101,0,0,0,0,0,0,0,0,0,0
2026-05-18 11:41:13,PLC,0,Cmd107,1,0,0,0,0,0,0,0,0,0
2026-05-18 11:41:13,RPD,0,Cmd302,0,0,0,0,0,0,0,0,0,0
2026-05-18 11:43:09,PLC,0,Cmd421,56,2,49152,1535,255,0,0,0,1,110
2026-05-18 11:43:55,PLC,0,Cmd101,0,0,0,0,0,0,0,0,0,0
2026-05-18 11:43:55,PLC,0,Cmd314,0,0,0,0,0,0,0,0,0,0
2026-05-18 11:43:56,PLC,0,Cmd413,0,0,0,0,0,0,0,0,0,0
2026-05-18 11:47:54,PLC,0,Cmd405,10004,0,0,0,0,0,0,0,0,0
2026-05-18 11:48:20,PLC,0,Cmd101,0,0,0,0,0,0,0,0,0,0
2026-05-18 11:48:21,PLC,0,Cmd314,0,0,0,0,0,0,0,0,0,0
2026-05-18 11:55:43,PLC,0,Cmd107,1,0,0,0,0,0,0,0,0,0
2026-05-18 11:55:43,RPD,0,Cmd302,0,0,0,0,0,0,0,0,0,0
2026-05-18 11:55:45,PLC,0,Cmd107,1,0,0,0,0,0,0,0,0,0
2026-05-18 11:55:45,RPD,0,Cmd302,0,0,0,0,0,0,0,0,0,0
2026-05-18 11:55:57,PLC,0,Cmd421,28,4,17409,0,0,0,0,0,1,17292
2026-05-18 11:56:41,PLC,0,Cmd101,0,0,0,0,0,0,0,0,0,0
2026-05-18 11:56:42,PLC,0,Cmd314,0,0,0,0,0,0,0,0,0,0
2026-05-18 11:56:42,PLC,0,Cmd413,0,0,0,0,0,0,0,0,0,0
2026-05-18 11:59:19,PLC,0,Cmd315,0,0,0,0,0,0,0,0,0,0
2026-05-18 11:59:20,PLC,0,Cmd303,0,0,0,0,0,0,0,0,0,0
2026-05-18 11:59:24,PLC,0,Cmd101,0,0,0,0,0,0,0,0,0,0
2026-05-18 12:01:36,PLC,0,Cmd302,0,0,0,0,0,0,0,0,0,0
2026-05-18 12:01:37,PLC,0,Cmd314,0,0,0,0,0,0,0,0,0,0
2026-05-18 12:01:39,PLC,0,Cmd101,0,0,0,0,0,0,0,0,0,0
2026-05-18 12:01:40,PLC,0,Cmd101,0,0,0,0,0,0,0,0,0,0
2026-05-18 12:01:43,PLC,0,Cmd107,1,0,0,0,0,0,0,0,0,0
2026-05-18 12:01:43,RPD,0,Cmd302,0,0,0,0,0,0,0,0,0,0
2026-05-18 12:01:45,PLC,0,Cmd107,1,0,0,0,0,0,0,0,0,0
2026-05-18 12:01:45,RPD,0,Cmd302,0,0,0,0,0,0,0,0,0,0
2026-05-18 12:01:47,PLC,0,Cmd101,0,0,0,0,0,0,0,0,0,0
2026-05-18 12:01:48,PLC,0,Cmd101,0,0,0,0,0,0,0,0,0,0
2026-05-18 12:05:56,PLC,0,Cmd421,22,4,16386,0,0,0,0,0,1,57
2026-05-18 12:05:59,PLC,0,Cmd413,0,0,0,0,0,0,0,0,0,0
2026-05-18 12:09:31,PLC,0,Cmd405,10004,0,0,0,0,0,0,0,0,0
2026-05-18 12:09:57,PLC,0,Cmd101,0,0,0,0,0,0,0,0,0,0
2026-05-18 12:09:58,PLC,0,Cmd314,0,0,0,0,0,0,0,0,0,0
2026-05-18 12:12:06,PLC,0,Cmd421,51,2,16386,0,0,0,0,0,1,52
2026-05-18 12:12:52,PLC,0,Cmd101,0,0,0,0,0,0,0,0,0,0
2026-05-18 12:12:53,PLC,0,Cmd314,0,0,0,0,0,0,0,0,0,0
2026-05-18 12:12:53,PLC,0,Cmd413,0,0,0,0,0,0,0,0,0,0
2026-05-18 12:15:12,PLC,0,Cmd101,0,0,0,0,0,0,0,0,0,0
2026-05-18 12:15:13,PLC,0,Cmd101,0,0,0,0,0,0,0,0,0,0
2026-05-18 12:15:14,PLC,0,Cmd101,0,0,0,0,0,0,0,0,0,0
2026-05-18 12:15:16,PLC,0,Cmd107,0,0,0,0,0,0,0,0,0,0
2026-05-18 12:15:16,RPD,0,Cmd302,0,0,0,0,0,0,0,0,0,0
2026-05-18 12:15:17,PLC,0,Cmd101,0,0,0,0,0,0,0,0,0,0
2026-05-18 12:18:14,PLC,0,Cmd405,10004,0,0,0,0,0,0,0,0,0
2026-05-18 12:18:39,PLC,0,Cmd101,0,0,0,0,0,0,0,0,0,0
2026-05-18 12:18:40,PLC,0,Cmd314,0,0,0,0,0,0,0,0,0,0
2026-05-18 12:19:01,PLC,0,Cmd421,22,10,16386,0,0,0,0,0,1,149
2026-05-18 12:19:45,PLC,0,Cmd101,0,0,0,0,0,0,0,0,0,0
2026-05-18 12:19:46,PLC,0,Cmd314,0,0,0,0,0,0,0,0,0,0
2026-05-18 12:19:47,PLC,0,Cmd413,0,0,0,0,0,0,0,0,0,0
2026-05-18 12:23:18,PLC,0,Cmd405,10004,0,0,0,0,0,0,0,0,0
2026-05-18 12:23:44,PLC,0,Cmd101,0,0,0,0,0,0,0,0,0,0
2026-05-18 12:23:44,PLC,0,Cmd314,0,0,0,0,0,0,0,0,0,0
2026-05-18 12:24:30,PLC,0,Cmd101,0,0,0,0,0,0,0,0,0,0
2026-05-18 12:52:32,RPD,0,Cmd421,0,999,0,0,0,1,8,0,1,0
2026-05-18 12:52:51,PLC,0,Cmd101,0,0,0,0,0,0,0,0,0,0
2026-05-18 12:52:52,PLC,0,Cmd314,0,0,0,0,0,0,0,0,0,0
2026-05-18 12:57:54,PLC,0,Cmd421,22,10,49216,0,1920,0,0,0,1,144
2026-05-18 12:58:25,PLC,0,Cmd101,0,0,0,0,0,0,0,0,0,0
2026-05-18 12:58:26,PLC,0,Cmd314,0,0,0,0,0,0,0,0,0,0
2026-05-18 12:58:26,PLC,0,Cmd413,0,0,0,0,0,0,0,0,0,0
2026-05-18 13:00:15,PLC,0,Cmd405,10004,0,0,0,0,0,0,0,0,0
2026-05-18 13:00:40,PLC,0,Cmd101,0,0,0,0,0,0,0,0,0,0
2026-05-18 13:00:41,PLC,0,Cmd314,0,0,0,0,0,0,0,0,0,0
2026-05-18 13:03:15,PLC,0,Cmd421,26,2,49152,1981,17146,0,0,0,1,180
2026-05-18 13:04:01,PLC,0,Cmd101,0,0,0,0,0,0,0,0,0,0
2026-05-18 13:04:02,PLC,0,Cmd314,0,0,0,0,0,0,0,0,0,0
2026-05-18 13:04:02,PLC,0,Cmd413,0,0,0,0,0,0,0,0,0,0
2026-05-18 13:09:07,PLC,0,Cmd405,10004,0,0,0,0,0,0,0,0,0
2026-05-18 13:09:33,PLC,0,Cmd101,0,0,0,0,0,0,0,0,0,0
2026-05-18 13:09:33,PLC,0,Cmd314,0,0,0,0,0,0,0,0,0,0
2026-05-18 13:36:58,PLC,0,Cmd421,22,4,16386,0,0,0,0,0,1,163
2026-05-18 13:37:43,PLC,0,Cmd101,0,0,0,0,0,0,0,0,0,0
2026-05-18 13:37:44,PLC,0,Cmd314,0,0,0,0,0,0,0,0,0,0
2026-05-18 13:37:44,PLC,0,Cmd413,0,0,0,0,0,0,0,0,0,0
2026-05-18 13:39:49,PLC,0,Cmd101,0,0,0,0,0,0,0,0,0,0
2026-05-18 13:39:50,PLC,0,Cmd101,0,0,0,0,0,0,0,0,0,0
2026-05-18 13:39:52,PLC,0,Cmd101,0,0,0,0,0,0,0,0,0,0
2026-05-18 13:39:53,PLC,0,Cmd102,0,0,0,0,0,0,0,0,0,0
2026-05-18 13:39:59,PLC,0,Cmd101,0,0,0,0,0,0,0,0,0,0
2026-05-18 13:40:01,PLC,0,Cmd107,0,0,0,0,0,0,0,0,0,0
2026-05-18 13:40:01,RPD,0,Cmd302,0,0,0,0,0,0,0,0,0,0
2026-05-18 13:41:33,PLC,0,Cmd405,10004,0,0,0,0,0,0,0,0,0
2026-05-18 13:41:59,PLC,0,Cmd101,0,0,0,0,0,0,0,0,0,0
2026-05-18 13:41:59,PLC,0,Cmd314,0,0,0,0,0,0,0,0,0,0
2026-05-18 13:42:26,PLC,0,Cmd303,0,0,0,0,0,0,0,0,0,0
2026-05-18 13:42:27,PLC,0,Cmd101,0,0,0,0,0,0,0,0,0,0
2026-05-18 13:42:27,PLC,0,Cmd102,0,0,0,0,0,0,0,0,0,0
2026-05-18 13:42:27,PLC,0,Cmd302,0,0,0,0,0,0,0,0,0,0
2026-05-18 13:42:28,PLC,0,Cmd315,0,0,0,0,0,0,0,0,0,0
2026-05-18 13:42:29,PLC,0,Cmd107,0,0,0,0,0,0,0,0,0,0
2026-05-18 13:42:29,RPD,0,Cmd302,0,0,0,0,0,0,0,0,0,0
2026-05-18 13:42:43,PLC,0,Cmd405,10014,0,0,0,0,0,0,0,0,0
2026-05-18 13:42:49,RPD,0,Cmd200,999,1,8,0,0,0,0,0,0,0
2026-05-18 13:42:50,RPD,0,Cmd201,0,0,0,0,0,0,0,0,0,0
2026-05-18 13:43:05,PLC,0,Cmd101,0,0,0,0,0,0,0,0,0,0
2026-05-18 13:43:06,PLC,0,Cmd314,0,0,0,0,0,0,0,0,0,0
2026-05-18 13:43:20,PLC,0,Cmd405,10007,0,0,0,0,0,0,0,0,0
2026-05-18 13:43:52,PLC,0,Cmd111,0,0,0,0,0,0,0,0,0,0
2026-05-18 13:43:52,PLC,0,Cmd315,0,0,0,0,0,0,0,0,0,0
2026-05-18 13:43:52,PLC,0,Cmd315,0,0,0,0,0,0,0,0,0,0
2026-05-18 13:43:53,PLC,0,Cmd303,0,0,0,0,0,0,0,0,0,0
2026-05-18 13:43:54,PLC,0,Cmd140,0,0,0,0,0,0,0,0,0,0
2026-05-18 13:58:13,PLC,0,Cmd141,0,0,0,0,0,0,0,0,0,0
2026-05-18 13:58:13,PLC,0,Cmd106,0,0,0,0,0,0,0,0,0,0
2026-05-18 13:58:14,PLC,0,Cmd1,0,0,0,0,0,0,0,0,0,0
2026-05-18 13:58:20,PLC,0,Cmd101,0,0,0,0,0,0,0,0,0,0
2026-05-18 13:58:21,PLC,0,Cmd302,0,0,0,0,0,0,0,0,0,0
2026-05-18 13:58:22,PLC,0,Cmd101,0,0,0,0,0,0,0,0,0,0
2026-05-18 13:58:23,PLC,0,Cmd101,0,0,0,0,0,0,0,0,0,0
2026-05-18 13:58:26,PLC,0,Cmd107,0,0,0,0,0,0,0,0,0,0
2026-05-18 13:58:26,RPD,0,Cmd302,0,0,0,0,0,0,0,0,0,0
2026-05-18 13:58:32,PLC,0,Cmd405,10001,0,0,0,0,0,0,0,0,0
2026-05-18 13:58:41,PLC,0,Cmd101,0,0,0,0,0,0,0,0,0,0
2026-05-18 13:58:41,PLC,0,Cmd314,0,0,0,0,0,0,0,0,0,0
2026-05-18 13:58:52,PLC,0,Cmd405,10004,0,0,0,0,0,0,0,0,0
2026-05-18 13:59:17,PLC,0,Cmd101,0,0,0,0,0,0,0,0,0,0
2026-05-18 13:59:18,PLC,0,Cmd314,0,0,0,0,0,0,0,0,0,0
2026-05-18 13:59:20,PLC,0,Cmd303,0,0,0,0,0,0,0,0,0,0
2026-05-18 13:59:20,PLC,0,Cmd315,0,0,0,0,0,0,0,0,0,0
2026-05-18 13:59:20,PLC,0,Cmd302,0,0,0,0,0,0,0,0,0,0
2026-05-18 13:59:21,PLC,0,Cmd101,0,0,0,0,0,0,0,0,0,0
2026-05-18 13:59:25,PLC,0,Cmd107,1,0,0,0,0,0,0,0,0,0
2026-05-18 13:59:25,RPD,0,Cmd302,0,0,0,0,0,0,0,0,0,0
2026-05-18 14:27:58,PLC,0,Cmd421,26,4,49152,309,648,0,0,0,1,67
2026-05-18 14:28:29,PLC,0,Cmd101,0,0,0,0,0,0,0,0,0,0
2026-05-18 14:28:30,PLC,0,Cmd314,0,0,0,0,0,0,0,0,0,0
2026-05-18 14:28:31,PLC,0,Cmd413,0,0,0,0,0,0,0,0,0,0
2026-05-18 14:31:18,PLC,0,Cmd405,10004,0,0,0,0,0,0,0,0,0
2026-05-18 14:31:43,PLC,0,Cmd101,0,0,0,0,0,0,0,0,0,0
2026-05-18 14:31:44,PLC,0,Cmd314,0,0,0,0,0,0,0,0,0,0
2026-05-18 14:34:13,PLC,0,Cmd421,26,10,49152,1056,648,0,0,0,1,2
2026-05-18 14:34:59,PLC,0,Cmd101,0,0,0,0,0,0,0,0,0,0
2026-05-18 14:34:59,PLC,0,Cmd314,0,0,0,0,0,0,0,0,0,0
2026-05-18 14:35:00,PLC,0,Cmd413,0,0,0,0,0,0,0,0,0,0
2026-05-18 14:37:15,PLC,0,Cmd101,0,0,0,0,0,0,0,0,0,0
2026-05-18 14:37:16,PLC,0,Cmd101,0,0,0,0,0,0,0,0,0,0
2026-05-18 14:37:17,PLC,0,Cmd101,0,0,0,0,0,0,0,0,0,0
2026-05-18 14:37:18,PLC,0,Cmd107,0,0,0,0,0,0,0,0,0,0
2026-05-18 14:37:18,RPD,0,Cmd302,0,0,0,0,0,0,0,0,0,0
2026-05-18 14:37:23,PLC,0,Cmd405,10004,0,0,0,0,0,0,0,0,0
2026-05-18 14:37:48,PLC,0,Cmd101,0,0,0,0,0,0,0,0,0,0
2026-05-18 14:37:49,PLC,0,Cmd314,0,0,0,0,0,0,0,0,0,0
2026-05-18 14:45:23,PLC,0,Cmd421,22,10,16448,0,0,0,0,0,1,232
2026-05-18 14:45:27,PLC,0,Cmd413,0,0,0,0,0,0,0,0,0,0
2026-05-18 14:49:00,PLC,0,Cmd405,10004,0,0,0,0,0,0,0,0,0
2026-05-18 14:49:26,PLC,0,Cmd101,0,0,0,0,0,0,0,0,0,0
2026-05-18 14:49:27,PLC,0,Cmd314,0,0,0,0,0,0,0,0,0,0
2026-05-18 14:49:48,PLC,0,Cmd421,26,4,49152,1333,654,0,0,0,1,101
2026-05-18 14:50:33,PLC,0,Cmd101,0,0,0,0,0,0,0,0,0,0
2026-05-18 14:50:34,PLC,0,Cmd314,0,0,0,0,0,0,0,0,0,0
2026-05-18 14:50:34,PLC,0,Cmd413,0,0,0,0,0,0,0,0,0,0
2026-05-18 14:54:03,PLC,0,Cmd405,10004,0,0,0,0,0,0,0,0,0
2026-05-18 14:54:28,PLC,0,Cmd101,0,0,0,0,0,0,0,0,0,0
2026-05-18 14:54:29,PLC,0,Cmd314,0,0,0,0,0,0,0,0,0,0
2026-05-18 15:01:39,PLC,0,Cmd421,22,4,16385,0,0,0,0,0,1,147
2026-05-18 15:01:43,PLC,0,Cmd413,0,0,0,0,0,0,0,0,0,0
2026-05-18 15:05:13,PLC,0,Cmd405,10004,0,0,0,0,0,0,0,0,0
2026-05-18 15:05:39,PLC,0,Cmd101,0,0,0,0,0,0,0,0,0,0
2026-05-18 15:05:40,PLC,0,Cmd314,0,0,0,0,0,0,0,0,0,0
2026-05-18 15:07:54,PLC,0,Cmd421,51,4,16385,0,0,0,0,0,1,49
2026-05-18 15:07:58,PLC,0,Cmd413,0,0,0,0,0,0,0,0,0,0
2026-05-18 15:10:11,PLC,0,Cmd405,10004,0,0,0,0,0,0,0,0,0
2026-05-18 15:10:37,PLC,0,Cmd101,0,0,0,0,0,0,0,0,0,0
2026-05-18 15:10:37,PLC,0,Cmd314,0,0,0,0,0,0,0,0,0,0
2026-05-18 15:28:13,PLC,0,Cmd421,26,10,49152,32,648,0,0,0,1,22
2026-05-18 15:28:59,PLC,0,Cmd101,0,0,0,0,0,0,0,0,0,0
2026-05-18 15:28:59,PLC,0,Cmd314,0,0,0,0,0,0,0,0,0,0
2026-05-18 15:29:00,PLC,0,Cmd413,0,0,0,0,0,0,0,0,0,0
2026-05-18 15:31:13,PLC,0,Cmd405,10004,0,0,0,0,0,0,0,0,0
2026-05-18 15:31:39,PLC,0,Cmd101,0,0,0,0,0,0,0,0,0,0
2026-05-18 15:31:39,PLC,0,Cmd314,0,0,0,0,0,0,0,0,0,0
2026-05-18 15:39:41,PLC,0,Cmd421,22,10,16386,0,0,0,0,0,1,51
2026-05-18 15:39:45,PLC,0,Cmd413,0,0,0,0,0,0,0,0,0,0
2026-05-18 15:43:16,PLC,0,Cmd405,10004,0,0,0,0,0,0,0,0,0
2026-05-18 15:43:42,PLC,0,Cmd101,0,0,0,0,0,0,0,0,0,0
2026-05-18 15:43:43,PLC,0,Cmd314,0,0,0,0,0,0,0,0,0,0
2026-05-18 15:51:33,PLC,0,Cmd421,22,2,16385,0,0,0,0,0,1,5
2026-05-18 15:52:19,PLC,0,Cmd101,0,0,0,0,0,0,0,0,0,0
2026-05-18 15:52:20,PLC,0,Cmd314,0,0,0,0,0,0,0,0,0,0
2026-05-18 15:52:20,PLC,0,Cmd413,0,0,0,0,0,0,0,0,0,0
2026-05-18 15:55:51,PLC,0,Cmd405,10004,0,0,0,0,0,0,0,0,0
2026-05-18 15:56:16,PLC,0,Cmd101,0,0,0,0,0,0,0,0,0,0
2026-05-18 15:56:17,PLC,0,Cmd314,0,0,0,0,0,0,0,0,0,0
2026-05-18 15:57:25,PLC,0,Cmd421,51,2,16386,0,0,0,0,0,1,4
2026-05-18 15:57:28,PLC,0,Cmd413,0,0,0,0,0,0,0,0,0,0
2026-05-18 15:59:46,PLC,0,Cmd101,0,0,0,0,0,0,0,0,0,0
2026-05-18 15:59:47,PLC,0,Cmd101,0,0,0,0,0,0,0,0,0,0
2026-05-18 15:59:49,PLC,0,Cmd101,0,0,0,0,0,0,0,0,0,0
2026-05-18 15:59:53,PLC,0,Cmd107,0,0,0,0,0,0,0,0,0,0
2026-05-18 15:59:53,RPD,0,Cmd302,0,0,0,0,0,0,0,0,0,0
2026-05-18 15:59:53,PLC,0,Cmd101,0,0,0,0,0,0,0,0,0,0
2026-05-18 16:02:51,PLC,0,Cmd405,10004,0,0,0,0,0,0,0,0,0
2026-05-18 16:03:16,PLC,0,Cmd101,0,0,0,0,0,0,0,0,0,0
2026-05-18 16:03:17,PLC,0,Cmd314,0,0,0,0,0,0,0,0,0,0
2026-05-18 16:04:55,PLC,0,Cmd421,22,4,16386,0,0,0,0,0,1,37
2026-05-18 16:05:39,PLC,0,Cmd101,0,0,0,0,0,0,0,0,0,0
2026-05-18 16:05:40,PLC,0,Cmd314,0,0,0,0,0,0,0,0,0,0
2026-05-18 16:05:40,PLC,0,Cmd413,0,0,0,0,0,0,0,0,0,0
2026-05-18 16:07:48,PLC,0,Cmd101,0,0,0,0,0,0,0,0,0,0
2026-05-18 16:07:56,PLC,0,Cmd101,0,0,0,0,0,0,0,0,0,0
2026-05-18 16:07:57,PLC,0,Cmd101,0,0,0,0,0,0,0,0,0,0
2026-05-18 16:07:59,PLC,0,Cmd107,0,0,0,0,0,0,0,0,0,0
2026-05-18 16:07:59,RPD,0,Cmd302,0,0,0,0,0,0,0,0,0,0
2026-05-18 16:09:32,PLC,0,Cmd405,10004,0,0,0,0,0,0,0,0,0
2026-05-18 16:09:58,PLC,0,Cmd101,0,0,0,0,0,0,0,0,0,0
2026-05-18 16:09:58,PLC,0,Cmd314,0,0,0,0,0,0,0,0,0,0
2026-05-18 16:09:59,PLC,0,Cmd421,22,3,53312,0,1,0,0,0,1,212
2026-05-18 16:10:45,PLC,0,Cmd101,0,0,0,0,0,0,0,0,0,0
2026-05-18 16:10:46,PLC,0,Cmd314,0,0,0,0,0,0,0,0,0,0
2026-05-18 16:10:49,PLC,0,Cmd101,0,0,0,0,0,0,0,0,0,0
2026-05-18 16:10:50,PLC,0,Cmd101,0,0,0,0,0,0,0,0,0,0
2026-05-18 16:10:51,PLC,0,Cmd101,0,0,0,0,0,0,0,0,0,0
2026-05-18 16:10:52,PLC,0,Cmd101,0,0,0,0,0,0,0,0,0,0
2026-05-18 16:10:54,PLC,0,Cmd107,0,0,0,0,0,0,0,0,0,0
2026-05-18 16:10:54,RPD,0,Cmd302,0,0,0,0,0,0,0,0,0,0
2026-05-18 16:10:54,PLC,0,Cmd413,0,0,0,0,0,0,0,0,0,0
2026-05-18 16:12:40,PLC,0,Cmd405,10004,0,0,0,0,0,0,0,0,0
2026-05-18 16:13:06,PLC,0,Cmd101,0,0,0,0,0,0,0,0,0,0
2026-05-18 16:13:06,PLC,0,Cmd314,0,0,0,0,0,0,0,0,0,0
2026-05-18 16:18:53,PLC,0,Cmd421,22,4,16448,0,0,0,0,0,1,219
2026-05-18 16:19:38,PLC,0,Cmd101,0,0,0,0,0,0,0,0,0,0
2026-05-18 16:19:38,PLC,0,Cmd314,0,0,0,0,0,0,0,0,0,0
2026-05-18 16:19:39,PLC,0,Cmd413,0,0,0,0,0,0,0,0,0,0
2026-05-18 16:23:13,PLC,0,Cmd405,10004,0,0,0,0,0,0,0,0,0
2026-05-18 16:23:39,PLC,0,Cmd101,0,0,0,0,0,0,0,0,0,0
2026-05-18 16:23:40,PLC,0,Cmd314,0,0,0,0,0,0,0,0,0,0
2026-05-18 16:23:40,PLC,0,Cmd421,26,10,49152,32,0,0,0,0,1,169
2026-05-18 16:24:26,PLC,0,Cmd101,0,0,0,0,0,0,0,0,0,0
2026-05-18 16:24:26,PLC,0,Cmd314,0,0,0,0,0,0,0,0,0,0
2026-05-18 16:24:27,PLC,0,Cmd413,0,0,0,0,0,0,0,0,0,0
2026-05-18 16:24:35,PLC,0,Cmd101,0,0,0,0,0,0,0,0,0,0
2026-05-18 16:24:36,PLC,0,Cmd101,0,0,0,0,0,0,0,0,0,0
2026-05-18 16:24:38,PLC,0,Cmd101,0,0,0,0,0,0,0,0,0,0
2026-05-18 16:24:39,PLC,0,Cmd107,0,0,0,0,0,0,0,0,0,0
2026-05-18 16:24:39,RPD,0,Cmd302,0,0,0,0,0,0,0,0,0,0
2026-05-18 16:25:54,PLC,0,Cmd405,10004,0,0,0,0,0,0,0,0,0
2026-05-18 16:26:20,PLC,0,Cmd101,0,0,0,0,0,0,0,0,0,0
2026-05-18 16:26:20,PLC,0,Cmd314,0,0,0,0,0,0,0,0,0,0
2026-05-18 16:30:02,PLC,0,Cmd421,51,2,49154,0,6,0,0,0,1,82
2026-05-18 16:30:49,PLC,0,Cmd101,0,0,0,0,0,0,0,0,0,0
2026-05-18 16:30:49,PLC,0,Cmd314,0,0,0,0,0,0,0,0,0,0
2026-05-18 16:30:50,PLC,0,Cmd413,0,0,0,0,0,0,0,0,0,0
2026-05-18 16:30:56,PLC,0,Cmd101,0,0,0,0,0,0,0,0,0,0
2026-05-18 16:30:57,PLC,0,Cmd101,0,0,0,0,0,0,0,0,0,0
2026-05-18 16:31:13,PLC,0,Cmd107,0,0,0,0,0,0,0,0,0,0
2026-05-18 16:31:13,RPD,0,Cmd302,0,0,0,0,0,0,0,0,0,0
2026-05-18 16:33:09,PLC,0,Cmd405,10004,0,0,0,0,0,0,0,0,0
2026-05-18 16:33:35,PLC,0,Cmd101,0,0,0,0,0,0,0,0,0,0
2026-05-18 16:33:35,PLC,0,Cmd314,0,0,0,0,0,0,0,0,0,0
2026-05-18 16:58:37,PLC,0,Cmd421,26,4,49152,1333,652,0,0,0,1,102
2026-05-18 16:59:22,PLC,0,Cmd101,0,0,0,0,0,0,0,0,0,0
2026-05-18 16:59:23,PLC,0,Cmd314,0,0,0,0,0,0,0,0,0,0
2026-05-18 16:59:23,PLC,0,Cmd413,0,0,0,0,0,0,0,0,0,0
2026-05-18 17:02:51,PLC,0,Cmd405,10004,0,0,0,0,0,0,0,0,0
2026-05-18 17:03:17,PLC,0,Cmd101,0,0,0,0,0,0,0,0,0,0
2026-05-18 17:03:17,PLC,0,Cmd314,0,0,0,0,0,0,0,0,0,0
2026-05-18 17:07:59,PLC,0,Cmd421,56,2,49152,1535,255,0,0,0,1,110
2026-05-18 17:08:46,PLC,0,Cmd101,0,0,0,0,0,0,0,0,0,0
2026-05-18 17:08:47,PLC,0,Cmd314,0,0,0,0,0,0,0,0,0,0
2026-05-18 17:08:47,PLC,0,Cmd413,0,0,0,0,0,0,0,0,0,0
2026-05-18 17:11:56,PLC,0,Cmd101,0,0,0,0,0,0,0,0,0,0
2026-05-18 17:11:57,PLC,0,Cmd101,0,0,0,0,0,0,0,0,0,0
2026-05-18 17:11:59,PLC,0,Cmd101,0,0,0,0,0,0,0,0,0,0
2026-05-18 17:12:00,PLC,0,Cmd101,0,0,0,0,0,0,0,0,0,0
2026-05-18 17:12:01,PLC,0,Cmd107,0,0,0,0,0,0,0,0,0,0
2026-05-18 17:12:01,RPD,0,Cmd302,0,0,0,0,0,0,0,0,0,0
2026-05-18 17:12:57,PLC,0,Cmd405,10004,0,0,0,0,0,0,0,0,0
2026-05-18 17:13:23,PLC,0,Cmd101,0,0,0,0,0,0,0,0,0,0
2026-05-18 17:13:24,PLC,0,Cmd314,0,0,0,0,0,0,0,0,0,0
2026-05-18 17:23:45,PLC,0,Cmd421,22,4,16386,0,0,0,0,0,1,85
2026-05-18 17:24:29,PLC,0,Cmd101,0,0,0,0,0,0,0,0,0,0
2026-05-18 17:24:30,PLC,0,Cmd314,0,0,0,0,0,0,0,0,0,0
2026-05-18 17:24:31,PLC,0,Cmd413,0,0,0,0,0,0,0,0,0,0
2026-05-18 17:26:37,PLC,0,Cmd101,0,0,0,0,0,0,0,0,0,0
2026-05-18 17:26:39,PLC,0,Cmd101,0,0,0,0,0,0,0,0,0,0
2026-05-18 17:26:42,PLC,0,Cmd101,0,0,0,0,0,0,0,0,0,0
2026-05-18 17:26:52,PLC,0,Cmd107,0,0,0,0,0,0,0,0,0,0
2026-05-18 17:26:52,RPD,0,Cmd302,0,0,0,0,0,0,0,0,0,0
2026-05-18 17:28:25,PLC,0,Cmd405,10004,0,0,0,0,0,0,0,0,0
2026-05-18 17:28:50,PLC,0,Cmd101,0,0,0,0,0,0,0,0,0,0
2026-05-18 17:28:51,PLC,0,Cmd314,0,0,0,0,0,0,0,0,0,0
2026-05-18 17:29:11,PLC,0,Cmd421,26,4,49152,32,648,0,0,0,1,113
2026-05-18 17:29:15,PLC,0,Cmd413,0,0,0,0,0,0,0,0,0,0
2026-05-18 17:31:28,PLC,0,Cmd405,10004,0,0,0,0,0,0,0,0,0
2026-05-18 17:31:54,PLC,0,Cmd101,0,0,0,0,0,0,0,0,0,0
2026-05-18 17:31:54,PLC,0,Cmd314,0,0,0,0,0,0,0,0,0,0
2026-05-18 17:33:31,PLC,0,Cmd101,0,0,0,0,0,0,0,0,0,0
2026-05-18 17:33:53,PLC,0,Cmd421,26,4,16384,0,0,0,0,0,1,209
2026-05-18 17:33:57,PLC,0,Cmd413,0,0,0,0,0,0,0,0,0,0
2026-05-18 17:34:17,PLC,0,Cmd102,0,0,0,0,0,0,0,0,0,0
2026-05-18 17:34:26,PLC,0,Cmd101,0,0,0,0,0,0,0,0,0,0
2026-05-18 17:34:33,PLC,0,Cmd107,0,0,0,0,0,0,0,0,0,0
2026-05-18 17:34:33,RPD,0,Cmd302,0,0,0,0,0,0,0,0,0,0
2026-05-18 17:34:37,PLC,0,Cmd102,0,0,0,0,0,0,0,0,0,0
2026-05-18 17:34:38,PLC,0,Cmd405,10004,0,0,0,0,0,0,0,0,0
2026-05-18 17:35:29,PLC,0,Cmd101,0,0,0,0,0,0,0,0,0,0
2026-05-18 17:35:31,PLC,0,Cmd107,0,0,0,0,0,0,0,0,0,0
2026-05-18 17:35:31,RPD,0,Cmd302,0,0,0,0,0,0,0,0,0,0
2026-05-18 17:35:57,PLC,0,Cmd101,0,0,0,0,0,0,0,0,0,0
2026-05-18 17:35:57,PLC,0,Cmd314,0,0,0,0,0,0,0,0,0,0
2026-05-18 17:53:17,PLC,0,Cmd421,56,4,49152,1535,255,0,0,0,1,46
2026-05-18 17:53:20,PLC,0,Cmd413,0,0,0,0,0,0,0,0,0,0
2026-05-18 17:57:18,PLC,0,Cmd405,10004,0,0,0,0,0,0,0,0,0
2026-05-18 17:57:44,PLC,0,Cmd101,0,0,0,0,0,0,0,0,0,0
2026-05-18 17:57:45,PLC,0,Cmd314,0,0,0,0,0,0,0,0,0,0
2026-05-18 18:08:14,PLC,0,Cmd421,51,4,16386,0,0,0,0,0,1,139
2026-05-18 18:08:18,PLC,0,Cmd413,0,0,0,0,0,0,0,0,0,0
2026-05-18 18:10:40,PLC,0,Cmd101,0,0,0,0,0,0,0,0,0,0
2026-05-18 18:10:41,PLC,0,Cmd101,0,0,0,0,0,0,0,0,0,0
2026-05-18 18:10:42,PLC,0,Cmd101,0,0,0,0,0,0,0,0,0,0
2026-05-18 18:10:43,PLC,0,Cmd107,0,0,0,0,0,0,0,0,0,0
2026-05-18 18:10:43,RPD,0,Cmd302,0,0,0,0,0,0,0,0,0,0
2026-05-18 18:11:00,PLC,0,Cmd101,0,0,0,0,0,0,0,0,0,0
2026-05-18 18:11:02,PLC,0,Cmd101,0,0,0,0,0,0,0,0,0,0
2026-05-18 18:11:12,PLC,0,Cmd101,0,0,0,0,0,0,0,0,0,0
2026-05-18 18:11:17,PLC,0,Cmd101,0,0,0,0,0,0,0,0,0,0
2026-05-18 18:11:18,PLC,0,Cmd101,0,0,0,0,0,0,0,0,0,0
2026-05-18 18:11:19,PLC,0,Cmd101,0,0,0,0,0,0,0,0,0,0
2026-05-18 18:11:22,PLC,0,Cmd107,0,0,0,0,0,0,0,0,0,0
2026-05-18 18:11:22,RPD,0,Cmd302,0,0,0,0,0,0,0,0,0,0
2026-05-18 18:14:07,PLC,0,Cmd405,10004,0,0,0,0,0,0,0,0,0
2026-05-18 18:14:32,PLC,0,Cmd101,0,0,0,0,0,0,0,0,0,0
2026-05-18 18:14:33,PLC,0,Cmd314,0,0,0,0,0,0,0,0,0,0
2026-05-18 18:27:21,PLC,0,Cmd421,51,2,49160,0,1283,0,0,0,1,33
2026-05-18 18:28:07,PLC,0,Cmd101,0,0,0,0,0,0,0,0,0,0
2026-05-18 18:28:08,PLC,0,Cmd314,0,0,0,0,0,0,0,0,0,0
2026-05-18 18:28:08,PLC,0,Cmd413,0,0,0,0,0,0,0,0,0,0
2026-05-18 18:31:55,PLC,0,Cmd405,10004,0,0,0,0,0,0,0,0,0
2026-05-18 18:32:21,PLC,0,Cmd101,0,0,0,0,0,0,0,0,0,0
2026-05-18 18:32:22,PLC,0,Cmd314,0,0,0,0,0,0,0,0,0,0
2026-05-18 18:37:17,PLC,0,Cmd421,22,4,16386,0,0,0,0,0,1,163
2026-05-18 18:38:02,PLC,0,Cmd101,0,0,0,0,0,0,0,0,0,0
2026-05-18 18:38:02,PLC,0,Cmd314,0,0,0,0,0,0,0,0,0,0
2026-05-18 18:38:03,PLC,0,Cmd413,0,0,0,0,0,0,0,0,0,0
2026-05-18 18:40:09,PLC,0,Cmd101,0,0,0,0,0,0,0,0,0,0
2026-05-18 18:40:11,PLC,0,Cmd101,0,0,0,0,0,0,0,0,0,0
2026-05-18 18:40:15,PLC,0,Cmd107,0,0,0,0,0,0,0,0,0,0
2026-05-18 18:40:15,RPD,0,Cmd302,0,0,0,0,0,0,0,0,0,0
2026-05-18 18:41:47,PLC,0,Cmd405,10004,0,0,0,0,0,0,0,0,0
2026-05-18 18:42:13,PLC,0,Cmd101,0,0,0,0,0,0,0,0,0,0
2026-05-18 18:42:14,PLC,0,Cmd314,0,0,0,0,0,0,0,0,0,0
2026-05-18 18:42:16,PLC,0,Cmd421,22,4,16386,0,0,0,0,0,1,29
2026-05-18 18:42:20,PLC,0,Cmd413,0,0,0,0,0,0,0,0,0,0
2026-05-18 18:45:51,PLC,0,Cmd405,10004,0,0,0,0,0,0,0,0,0
2026-05-18 18:46:17,PLC,0,Cmd101,0,0,0,0,0,0,0,0,0,0
2026-05-18 18:46:18,PLC,0,Cmd314,0,0,0,0,0,0,0,0,0,0
2026-05-18 18:51:45,PLC,0,Cmd421,22,2,16386,0,0,0,0,0,1,218
2026-05-18 18:52:32,PLC,0,Cmd101,0,0,0,0,0,0,0,0,0,0
2026-05-18 18:52:32,PLC,0,Cmd314,0,0,0,0,0,0,0,0,0,0
2026-05-18 18:52:33,PLC,0,Cmd413,0,0,0,0,0,0,0,0,0,0
2026-05-18 18:56:04,PLC,0,Cmd405,10004,0,0,0,0,0,0,0,0,0
2026-05-18 18:56:30,PLC,0,Cmd101,0,0,0,0,0,0,0,0,0,0
2026-05-18 18:56:30,PLC,0,Cmd421,56,4,49152,1534,254,0,0,0,1,111
2026-05-18 18:56:31,PLC,0,Cmd314,0,0,0,0,0,0,0,0,0,0
2026-05-18 18:57:15,PLC,0,Cmd101,0,0,0,0,0,0,0,0,0,0
2026-05-18 18:57:15,PLC,0,Cmd314,0,0,0,0,0,0,0,0,0,0
2026-05-18 18:57:16,PLC,0,Cmd102,0,0,0,0,0,0,0,0,0,0
2026-05-18 18:57:24,PLC,0,Cmd101,0,0,0,0,0,0,0,0,0,0
2026-05-18 18:57:25,PLC,0,Cmd101,0,0,0,0,0,0,0,0,0,0
2026-05-18 18:57:28,PLC,0,Cmd101,0,0,0,0,0,0,0,0,0,0
2026-05-18 18:57:30,PLC,0,Cmd107,0,0,0,0,0,0,0,0,0,0
2026-05-18 18:57:30,RPD,0,Cmd302,0,0,0,0,0,0,0,0,0,0
2026-05-18 18:57:31,PLC,0,Cmd413,0,0,0,0,0,0,0,0,0,0
2026-05-18 19:01:05,PLC,0,Cmd405,10004,0,0,0,0,0,0,0,0,0
2026-05-18 19:01:31,PLC,0,Cmd101,0,0,0,0,0,0,0,0,0,0
2026-05-18 19:01:32,PLC,0,Cmd314,0,0,0,0,0,0,0,0,0,0
2026-05-18 19:12:11,PLC,0,Cmd421,51,4,16448,0,0,0,0,0,1,152
2026-05-18 19:12:15,PLC,0,Cmd413,0,0,0,0,0,0,0,0,0,0
2026-05-18 19:14:36,PLC,0,Cmd101,0,0,0,0,0,0,0,0,0,0
2026-05-18 19:14:38,PLC,0,Cmd101,0,0,0,0,0,0,0,0,0,0
2026-05-18 19:14:41,PLC,0,Cmd107,0,0,0,0,0,0,0,0,0,0
2026-05-18 19:14:41,RPD,0,Cmd302,0,0,0,0,0,0,0,0,0,0
2026-05-18 19:17:39,PLC,0,Cmd405,10004,0,0,0,0,0,0,0,0,0
2026-05-18 19:18:04,PLC,0,Cmd101,0,0,0,0,0,0,0,0,0,0
2026-05-18 19:18:05,PLC,0,Cmd314,0,0,0,0,0,0,0,0,0,0
2026-05-18 19:19:07,PLC,0,Cmd421,51,4,16385,0,0,0,0,0,1,126
2026-05-18 19:19:10,PLC,0,Cmd413,0,0,0,0,0,0,0,0,0,0
2026-05-18 19:21:23,PLC,0,Cmd405,10004,0,0,0,0,0,0,0,0,0
2026-05-18 19:21:49,PLC,0,Cmd101,0,0,0,0,0,0,0,0,0,0
2026-05-18 19:21:49,PLC,0,Cmd314,0,0,0,0,0,0,0,0,0,0
2026-05-18 19:32:37,PLC,0,Cmd421,22,4,16386,0,0,0,0,0,1,84
2026-05-18 19:32:41,PLC,0,Cmd413,0,0,0,0,0,0,0,0,0,0
2026-05-18 19:36:12,PLC,0,Cmd405,10004,0,0,0,0,0,0,0,0,0
2026-05-18 19:36:38,PLC,0,Cmd101,0,0,0,0,0,0,0,0,0,0
2026-05-18 19:36:38,PLC,0,Cmd314,0,0,0,0,0,0,0,0,0,0
2026-05-18 19:36:39,PLC,0,Cmd421,26,4,53248,0,128,0,0,0,1,201
2026-05-18 19:36:40,PLC,0,Cmd413,0,0,0,0,0,0,0,0,0,0
2026-05-18 19:37:49,PLC,0,Cmd405,10004,0,0,0,0,0,0,0,0,0
2026-05-18 19:38:14,PLC,0,Cmd101,0,0,0,0,0,0,0,0,0,0
2026-05-18 19:38:15,PLC,0,Cmd314,0,0,0,0,0,0,0,0,0,0
2026-05-18 19:40:39,PLC,0,Cmd421,26,10,49152,32,0,0,0,0,1,169
2026-05-18 19:41:25,PLC,0,Cmd101,0,0,0,0,0,0,0,0,0,0
2026-05-18 19:41:25,PLC,0,Cmd314,0,0,0,0,0,0,0,0,0,0
2026-05-18 19:41:26,PLC,0,Cmd413,0,0,0,0,0,0,0,0,0,0
2026-05-18 19:42:53,PLC,0,Cmd405,10004,0,0,0,0,0,0,0,0,0
2026-05-18 19:43:18,PLC,0,Cmd101,0,0,0,0,0,0,0,0,0,0
2026-05-18 19:43:19,PLC,0,Cmd314,0,0,0,0,0,0,0,0,0,0
2026-05-18 19:57:53,PLC,0,Cmd421,51,4,49154,0,256,0,0,0,1,12
2026-05-18 19:58:38,PLC,0,Cmd101,0,0,0,0,0,0,0,0,0,0
2026-05-18 19:58:39,PLC,0,Cmd314,0,0,0,0,0,0,0,0,0,0
2026-05-18 19:58:40,PLC,0,Cmd413,0,0,0,0,0,0,0,0,0,0
2026-05-18 20:00:42,PLC,0,Cmd405,10004,0,0,0,0,0,0,0,0,0
2026-05-18 20:01:08,PLC,0,Cmd101,0,0,0,0,0,0,0,0,0,0
2026-05-18 20:01:09,PLC,0,Cmd314,0,0,0,0,0,0,0,0,0,0
2026-05-18 20:10:09,PLC,0,Cmd421,26,2,49152,289,648,0,0,0,1,180
2026-05-18 20:10:55,PLC,0,Cmd101,0,0,0,0,0,0,0,0,0,0
2026-05-18 20:10:56,PLC,0,Cmd314,0,0,0,0,0,0,0,0,0,0
2026-05-18 20:10:56,PLC,0,Cmd413,0,0,0,0,0,0,0,0,0,0
2026-05-18 20:13:17,PLC,0,Cmd405,10004,0,0,0,0,0,0,0,0,0
2026-05-18 20:13:43,PLC,0,Cmd101,0,0,0,0,0,0,0,0,0,0
2026-05-18 20:13:43,PLC,0,Cmd314,0,0,0,0,0,0,0,0,0,0
2026-05-18 20:21:24,PLC,0,Cmd421,26,4,49152,1333,654,0,0,0,1,101
2026-05-18 20:22:08,PLC,0,Cmd101,0,0,0,0,0,0,0,0,0,0
2026-05-18 20:22:09,PLC,0,Cmd314,0,0,0,0,0,0,0,0,0,0
2026-05-18 20:22:10,PLC,0,Cmd413,0,0,0,0,0,0,0,0,0,0
2026-05-18 20:25:38,PLC,0,Cmd405,10004,0,0,0,0,0,0,0,0,0
2026-05-18 20:26:04,PLC,0,Cmd101,0,0,0,0,0,0,0,0,0,0
2026-05-18 20:26:05,PLC,0,Cmd314,0,0,0,0,0,0,0,0,0,0
2026-05-18 20:36:49,PLC,0,Cmd421,22,4,16386,0,0,0,0,0,1,37
2026-05-18 20:36:53,PLC,0,Cmd413,0,0,0,0,0,0,0,0,0,0
2026-05-18 20:40:24,PLC,0,Cmd405,10004,0,0,0,0,0,0,0,0,0
2026-05-18 20:40:50,PLC,0,Cmd101,0,0,0,0,0,0,0,0,0,0
2026-05-18 20:40:51,PLC,0,Cmd421,26,4,53248,32,136,0,0,0,1,106
2026-05-18 20:40:51,PLC,0,Cmd314,0,0,0,0,0,0,0,0,0,0
2026-05-18 20:40:54,PLC,0,Cmd413,0,0,0,0,0,0,0,0,0,0
2026-05-18 20:42:01,PLC,0,Cmd102,0,0,0,0,0,0,0,0,0,0
2026-05-18 20:42:16,PLC,0,Cmd101,0,0,0,0,0,0,0,0,0,0
2026-05-18 20:42:19,PLC,0,Cmd101,0,0,0,0,0,0,0,0,0,0
2026-05-18 20:42:22,PLC,0,Cmd107,0,0,0,0,0,0,0,0,0,0
2026-05-18 20:42:22,RPD,0,Cmd302,0,0,0,0,0,0,0,0,0,0
2026-05-18 20:43:13,PLC,0,Cmd405,10004,0,0,0,0,0,0,0,0,0
2026-05-18 20:43:39,PLC,0,Cmd101,0,0,0,0,0,0,0,0,0,0
2026-05-18 20:43:39,PLC,0,Cmd314,0,0,0,0,0,0,0,0,0,0
2026-05-18 20:48:38,PLC,0,Cmd421,22,4,20544,0,0,0,0,0,1,171
2026-05-18 20:48:42,PLC,0,Cmd413,0,0,0,0,0,0,0,0,0,0
2026-05-18 20:52:18,PLC,0,Cmd405,10004,0,0,0,0,0,0,0,0,0
2026-05-18 20:52:43,PLC,0,Cmd101,0,0,0,0,0,0,0,0,0,0
2026-05-18 20:52:44,PLC,0,Cmd314,0,0,0,0,0,0,0,0,0,0
2026-05-18 20:52:45,PLC,0,Cmd421,26,2,49152,1981,17146,0,0,0,1,2
2026-05-18 20:53:31,PLC,0,Cmd101,0,0,0,0,0,0,0,0,0,0
2026-05-18 20:53:31,PLC,0,Cmd314,0,0,0,0,0,0,0,0,0,0
2026-05-18 20:53:32,PLC,0,Cmd413,0,0,0,0,0,0,0,0,0,0
2026-05-18 20:58:37,PLC,0,Cmd405,10004,0,0,0,0,0,0,0,0,0
2026-05-18 20:59:03,PLC,0,Cmd101,0,0,0,0,0,0,0,0,0,0
2026-05-18 20:59:03,PLC,0,Cmd314,0,0,0,0,0,0,0,0,0,0
2026-05-18 21:01:12,PLC,0,Cmd421,22,4,16386,0,0,0,0,0,1,202
2026-05-18 21:01:56,PLC,0,Cmd101,0,0,0,0,0,0,0,0,0,0
2026-05-18 21:01:57,PLC,0,Cmd314,0,0,0,0,0,0,0,0,0,0
2026-05-18 21:01:57,PLC,0,Cmd413,0,0,0,0,0,0,0,0,0,0
2026-05-18 21:04:03,PLC,0,Cmd101,0,0,0,0,0,0,0,0,0,0
2026-05-18 21:04:06,PLC,0,Cmd107,0,0,0,0,0,0,0,0,0,0
2026-05-18 21:04:06,RPD,0,Cmd302,0,0,0,0,0,0,0,0,0,0
2026-05-18 21:05:38,PLC,0,Cmd405,10004,0,0,0,0,0,0,0,0,0
2026-05-18 21:06:04,PLC,0,Cmd101,0,0,0,0,0,0,0,0,0,0
2026-05-18 21:06:05,PLC,0,Cmd314,0,0,0,0,0,0,0,0,0,0
2026-05-18 21:09:43,PLC,0,Cmd421,26,4,49152,1333,652,0,0,0,1,102
2026-05-18 21:09:47,PLC,0,Cmd413,0,0,0,0,0,0,0,0,0,0
2026-05-18 21:13:16,PLC,0,Cmd405,10004,0,0,0,0,0,0,0,0,0
2026-05-18 21:13:41,PLC,0,Cmd101,0,0,0,0,0,0,0,0,0,0
2026-05-18 21:13:42,PLC,0,Cmd314,0,0,0,0,0,0,0,0,0,0
2026-05-18 21:16:01,PLC,0,Cmd421,26,4,49152,32,648,0,0,0,1,175
2026-05-18 21:16:04,PLC,0,Cmd413,0,0,0,0,0,0,0,0,0,0
2026-05-18 21:18:08,PLC,0,Cmd101,0,0,0,0,0,0,0,0,0,0
2026-05-18 21:18:10,PLC,0,Cmd101,0,0,0,0,0,0,0,0,0,0
2026-05-18 21:18:23,PLC,0,Cmd101,0,0,0,0,0,0,0,0,0,0
2026-05-18 21:18:24,PLC,0,Cmd107,0,0,0,0,0,0,0,0,0,0
2026-05-18 21:18:24,RPD,0,Cmd302,0,0,0,0,0,0,0,0,0,0
2026-05-18 21:18:54,PLC,0,Cmd405,10004,0,0,0,0,0,0,0,0,0
2026-05-18 21:19:19,PLC,0,Cmd101,0,0,0,0,0,0,0,0,0,0
2026-05-18 21:19:20,PLC,0,Cmd314,0,0,0,0,0,0,0,0,0,0
2026-05-18 21:26:41,PLC,0,Cmd421,22,4,16448,0,0,0,0,0,1,133
2026-05-18 21:26:45,PLC,0,Cmd413,0,0,0,0,0,0,0,0,0,0
2026-05-18 21:30:19,PLC,0,Cmd405,10004,0,0,0,0,0,0,0,0,0
2026-05-18 21:30:45,PLC,0,Cmd101,0,0,0,0,0,0,0,0,0,0
2026-05-18 21:30:46,PLC,0,Cmd314,0,0,0,0,0,0,0,0,0,0
2026-05-18 21:30:46,PLC,0,Cmd421,56,2,49152,1535,255,0,0,0,1,91
2026-05-18 21:31:33,PLC,0,Cmd101,0,0,0,0,0,0,0,0,0,0
2026-05-18 21:31:33,PLC,0,Cmd314,0,0,0,0,0,0,0,0,0,0
2026-05-18 21:31:34,PLC,0,Cmd413,0,0,0,0,0,0,0,0,0,0
2026-05-18 21:31:41,PLC,0,Cmd101,0,0,0,0,0,0,0,0,0,0
2026-05-18 21:31:43,PLC,0,Cmd101,0,0,0,0,0,0,0,0,0,0
2026-05-18 21:31:45,PLC,0,Cmd107,0,0,0,0,0,0,0,0,0,0
2026-05-18 21:31:45,RPD,0,Cmd302,0,0,0,0,0,0,0,0,0,0
2026-05-18 21:35:40,PLC,0,Cmd405,10004,0,0,0,0,0,0,0,0,0
2026-05-18 21:36:06,PLC,0,Cmd101,0,0,0,0,0,0,0,0,0,0
2026-05-18 21:36:07,PLC,0,Cmd314,0,0,0,0,0,0,0,0,0,0
2026-05-18 21:39:38,PLC,0,Cmd421,51,2,16386,0,0,0,0,0,1,145
2026-05-18 21:39:42,PLC,0,Cmd413,0,0,0,0,0,0,0,0,0,0
2026-05-18 21:44:54,PLC,0,Cmd405,10004,0,0,0,0,0,0,0,0,0
2026-05-18 21:45:20,PLC,0,Cmd101,0,0,0,0,0,0,0,0,0,0
2026-05-18 21:45:21,PLC,0,Cmd314,0,0,0,0,0,0,0,0,0,0
2026-05-18 21:45:21,PLC,0,Cmd421,26,10,49152,1056,650,0,0,0,1,197
2026-05-18 21:46:06,PLC,0,Cmd101,0,0,0,0,0,0,0,0,0,0
2026-05-18 21:46:06,PLC,0,Cmd314,0,0,0,0,0,0,0,0,0,0
2026-05-18 21:46:07,PLC,0,Cmd413,0,0,0,0,0,0,0,0,0,0
2026-05-18 21:48:40,PLC,0,Cmd101,0,0,0,0,0,0,0,0,0,0
2026-05-18 21:48:41,PLC,0,Cmd107,0,0,0,0,0,0,0,0,0,0
2026-05-18 21:48:41,RPD,0,Cmd302,0,0,0,0,0,0,0,0,0,0
2026-05-18 21:48:42,PLC,0,Cmd101,0,0,0,0,0,0,0,0,0,0
2026-05-18 21:48:44,PLC,0,Cmd107,0,0,0,0,0,0,0,0,0,0
2026-05-18 21:48:44,RPD,0,Cmd302,0,0,0,0,0,0,0,0,0,0
2026-05-18 21:48:53,PLC,0,Cmd101,0,0,0,0,0,0,0,0,0,0
2026-05-18 21:48:56,PLC,0,Cmd101,0,0,0,0,0,0,0,0,0,0
2026-05-18 21:49:02,PLC,0,Cmd107,0,0,0,0,0,0,0,0,0,0
2026-05-18 21:49:02,RPD,0,Cmd302,0,0,0,0,0,0,0,0,0,0
2026-05-18 21:49:06,PLC,0,Cmd405,10004,0,0,0,0,0,0,0,0,0
2026-05-18 21:49:32,PLC,0,Cmd101,0,0,0,0,0,0,0,0,0,0
2026-05-18 21:49:32,PLC,0,Cmd314,0,0,0,0,0,0,0,0,0,0
2026-05-18 22:02:15,PLC,0,Cmd421,26,4,49152,289,648,0,0,0,1,186
2026-05-18 22:03:00,PLC,0,Cmd101,0,0,0,0,0,0,0,0,0,0
2026-05-18 22:03:01,PLC,0,Cmd314,0,0,0,0,0,0,0,0,0,0
2026-05-18 22:03:01,PLC,0,Cmd413,0,0,0,0,0,0,0,0,0,0
2026-05-18 22:05:23,PLC,0,Cmd405,10004,0,0,0,0,0,0,0,0,0
2026-05-18 22:05:48,PLC,0,Cmd101,0,0,0,0,0,0,0,0,0,0
2026-05-18 22:05:49,PLC,0,Cmd314,0,0,0,0,0,0,0,0,0,0
2026-05-18 22:15:16,PLC,0,Cmd421,22,4,16386,0,0,0,0,0,1,103
2026-05-18 22:15:20,PLC,0,Cmd413,0,0,0,0,0,0,0,0,0,0
2026-05-18 22:18:51,PLC,0,Cmd405,10004,0,0,0,0,0,0,0,0,0
2026-05-18 22:19:17,PLC,0,Cmd101,0,0,0,0,0,0,0,0,0,0
2026-05-18 22:19:18,PLC,0,Cmd314,0,0,0,0,0,0,0,0,0,0
2026-05-18 22:21:32,PLC,0,Cmd421,22,10,16448,0,0,0,0,0,1,150
2026-05-18 22:22:18,PLC,0,Cmd101,0,0,0,0,0,0,0,0,0,0
2026-05-18 22:22:19,PLC,0,Cmd314,0,0,0,0,0,0,0,0,0,0
2026-05-18 22:22:19,PLC,0,Cmd413,0,0,0,0,0,0,0,0,0,0
2026-05-18 22:25:53,PLC,0,Cmd405,10004,0,0,0,0,0,0,0,0,0
2026-05-18 22:26:18,PLC,0,Cmd101,0,0,0,0,0,0,0,0,0,0
2026-05-18 22:26:19,PLC,0,Cmd314,0,0,0,0,0,0,0,0,0,0
2026-05-18 22:26:39,PLC,0,Cmd421,26,4,49152,32,648,0,0,0,1,113
2026-05-18 22:27:24,PLC,0,Cmd101,0,0,0,0,0,0,0,0,0,0
2026-05-18 22:27:25,PLC,0,Cmd314,0,0,0,0,0,0,0,0,0,0
2026-05-18 22:27:25,PLC,0,Cmd413,0,0,0,0,0,0,0,0,0,0
2026-05-18 22:29:39,PLC,0,Cmd405,10004,0,0,0,0,0,0,0,0,0
2026-05-18 22:30:04,PLC,0,Cmd101,0,0,0,0,0,0,0,0,0,0
2026-05-18 22:30:05,PLC,0,Cmd314,0,0,0,0,0,0,0,0,0,0
2026-05-18 22:30:26,PLC,0,Cmd421,56,4,49152,1535,255,0,0,0,1,155
2026-05-18 22:30:30,PLC,0,Cmd413,0,0,0,0,0,0,0,0,0,0
2026-05-18 22:34:28,PLC,0,Cmd405,10004,0,0,0,0,0,0,0,0,0
2026-05-18 22:34:53,PLC,0,Cmd101,0,0,0,0,0,0,0,0,0,0
2026-05-18 22:34:54,PLC,0,Cmd314,0,0,0,0,0,0,0,0,0,0
2026-05-18 22:39:48,PLC,0,Cmd421,51,4,16386,0,0,0,0,0,1,31
2026-05-18 22:39:52,PLC,0,Cmd413,0,0,0,0,0,0,0,0,0,0
2026-05-18 22:45:04,PLC,0,Cmd405,10004,0,0,0,0,0,0,0,0,0
2026-05-18 22:45:30,PLC,0,Cmd101,0,0,0,0,0,0,0,0,0,0
2026-05-18 22:45:31,PLC,0,Cmd314,0,0,0,0,0,0,0,0,0,0
2026-05-18 22:45:46,PLC,0,Cmd111,0,0,0,0,0,0,0,0,0,0
2026-05-18 22:45:47,PLC,0,Cmd315,0,0,0,0,0,0,0,0,0,0
2026-05-18 22:45:47,PLC,0,Cmd315,0,0,0,0,0,0,0,0,0,0
2026-05-18 22:45:48,PLC,0,Cmd303,0,0,0,0,0,0,0,0,0,0
2026-05-18 22:45:48,PLC,0,Cmd102,0,0,0,0,0,0,0,0,0,0
2026-05-18 22:45:49,PLC,0,Cmd2,0,0,0,0,0,0,0,0,0,0
2026-05-18 22:46:00,RA2,0,Cmd103,0,0,0,0,0,0,0,0,0,0
2026-05-18 22:46:00,RA2,0,Cmd110,0,0,0,0,0,0,0,0,0,0
2026-05-18 22:46:03,RA2,0,Cmd302,0,0,0,0,0,0,0,0,0,0
2026-05-18 22:46:05,RA2,0,Cmd421,0,999,0,0,0,1,8,0,1,0
2026-05-18 22:46:23,PLC,0,Cmd101,0,0,0,0,0,0,0,0,0,0
2026-05-18 22:46:32,PLC,0,Cmd1,0,0,0,0,0,0,0,0,0,0
2026-05-18 22:46:34,PLC,0,Cmd303,0,0,0,0,0,0,0,0,0,0
2026-05-18 22:46:34,PLC,0,Cmd102,0,0,0,0,0,0,0,0,0,0
2026-05-18 22:46:35,PLC,0,Cmd101,0,0,0,0,0,0,0,0,0,0
2026-05-18 22:46:36,PLC,0,Cmd302,0,0,0,0,0,0,0,0,0,0
2026-05-18 22:46:37,PLC,0,Cmd107,0,0,0,0,0,0,0,0,0,0
2026-05-18 22:46:37,RPD,0,Cmd302,0,0,0,0,0,0,0,0,0,0
2026-05-18 22:46:47,PLC,0,Cmd405,10004,0,0,0,0,0,0,0,0,0
2026-05-18 22:47:13,PLC,0,Cmd101,0,0,0,0,0,0,0,0,0,0
2026-05-18 22:47:14,PLC,0,Cmd314,0,0,0,0,0,0,0,0,0,0
2026-05-18 22:47:18,PLC,0,Cmd405,10007,0,0,0,0,0,0,0,0,0
2026-05-18 22:47:27,PLC,0,Cmd111,0,0,0,0,0,0,0,0,0,0
2026-05-18 22:47:28,PLC,0,Cmd315,0,0,0,0,0,0,0,0,0,0
2026-05-18 22:47:28,PLC,0,Cmd315,0,0,0,0,0,0,0,0,0,0
2026-05-18 22:47:28,PLC,0,Cmd303,0,0,0,0,0,0,0,0,0,0
2026-05-18 22:47:29,PLC,0,Cmd140,0,0,0,0,0,0,0,0,0,0
2026-05-18 23:01:07,PLC,0,Cmd141,0,0,0,0,0,0,0,0,0,0
2026-05-18 23:01:08,PLC,0,Cmd106,0,0,0,0,0,0,0,0,0,0
2026-05-18 23:01:08,PLC,0,Cmd101,0,0,0,0,0,0,0,0,0,0
2026-05-18 23:01:09,PLC,0,Cmd1,0,0,0,0,0,0,0,0,0,0
2026-05-18 23:01:10,PLC,0,Cmd302,0,0,0,0,0,0,0,0,0,0
2026-05-18 23:01:11,PLC,0,Cmd101,0,0,0,0,0,0,0,0,0,0
2026-05-18 23:01:18,PLC,0,Cmd405,10001,0,0,0,0,0,0,0,0,0
2026-05-18 23:01:29,PLC,0,Cmd101,0,0,0,0,0,0,0,0,0,0
2026-05-18 23:01:29,PLC,-1,Cmd405,10001,0,0,0,0,0,0,0,0,0
2026-05-18 23:01:32,PLC,0,Cmd303,0,0,0,0,0,0,0,0,0,0
2026-05-18 23:01:33,PLC,0,Cmd315,0,0,0,0,0,0,0,0,0,0
2026-05-18 23:01:33,PLC,0,Cmd302,0,0,0,0,0,0,0,0,0,0
2026-05-18 23:01:34,PLC,0,Cmd101,0,0,0,0,0,0,0,0,0,0
2026-05-18 23:01:37,PLC,0,Cmd107,0,0,0,0,0,0,0,0,0,0
2026-05-18 23:01:37,RPD,0,Cmd302,0,0,0,0,0,0,0,0,0,0
2026-05-18 23:01:45,PLC,0,Cmd101,0,0,0,0,0,0,0,0,0,0
2026-05-18 23:01:46,PLC,0,Cmd314,0,0,0,0,0,0,0,0,0,0
2026-05-18 23:01:47,PLC,0,Cmd101,0,0,0,0,0,0,0,0,0,0
2026-05-18 23:01:47,PLC,0,Cmd303,0,0,0,0,0,0,0,0,0,0
2026-05-18 23:01:48,PLC,0,Cmd302,0,0,0,0,0,0,0,0,0,0
2026-05-18 23:01:48,PLC,0,Cmd101,0,0,0,0,0,0,0,0,0,0
2026-05-18 23:01:49,PLC,0,Cmd315,0,0,0,0,0,0,0,0,0,0
2026-05-18 23:01:51,PLC,0,Cmd303,0,0,0,0,0,0,0,0,0,0
2026-05-18 23:01:52,PLC,0,Cmd102,0,0,0,0,0,0,0,0,0,0
2026-05-18 23:01:53,PLC,0,Cmd101,0,0,0,0,0,0,0,0,0,0
2026-05-18 23:01:53,PLC,0,Cmd302,0,0,0,0,0,0,0,0,0,0
2026-05-18 23:01:55,PLC,0,Cmd101,0,0,0,0,0,0,0,0,0,0
2026-05-18 23:01:58,PLC,0,Cmd107,0,0,0,0,0,0,0,0,0,0
2026-05-18 23:01:58,RPD,0,Cmd302,0,0,0,0,0,0,0,0,0,0
2026-05-18 23:02:07,PLC,0,Cmd405,10004,0,0,0,0,0,0,0,0,0
2026-05-18 23:02:32,PLC,0,Cmd101,0,0,0,0,0,0,0,0,0,0
2026-05-18 23:02:33,PLC,0,Cmd314,0,0,0,0,0,0,0,0,0,0
2026-05-18 23:02:34,PLC,0,Cmd303,0,0,0,0,0,0,0,0,0,0
2026-05-18 23:02:34,PLC,0,Cmd101,0,0,0,0,0,0,0,0,0,0
2026-05-18 23:02:35,PLC,0,Cmd315,0,0,0,0,0,0,0,0,0,0
2026-05-18 23:02:38,PLC,0,Cmd302,0,0,0,0,0,0,0,0,0,0
2026-05-18 23:02:44,PLC,0,Cmd107,1,0,0,0,0,0,0,0,0,0
2026-05-18 23:02:44,RPD,0,Cmd302,0,0,0,0,0,0,0,0,0,0
2026-05-18 23:03:08,PLC,0,Cmd421,56,4,49152,1535,255,0,0,0,1,46
2026-05-18 23:03:39,PLC,0,Cmd101,0,0,0,0,0,0,0,0,0,0
2026-05-18 23:03:39,PLC,0,Cmd314,0,0,0,0,0,0,0,0,0,0
2026-05-18 23:03:40,PLC,0,Cmd413,0,0,0,0,0,0,0,0,0,0
2026-05-18 23:07:38,PLC,0,Cmd405,10004,0,0,0,0,0,0,0,0,0
2026-05-18 23:08:03,PLC,0,Cmd101,0,0,0,0,0,0,0,0,0,0
2026-05-18 23:08:04,PLC,0,Cmd314,0,0,0,0,0,0,0,0,0,0
2026-05-18 23:21:16,PLC,0,Cmd421,51,4,16386,0,0,0,0,0,1,139
2026-05-18 23:21:19,PLC,0,Cmd413,0,0,0,0,0,0,0,0,0,0
2026-05-18 23:23:41,PLC,0,Cmd101,0,0,0,0,0,0,0,0,0,0
2026-05-18 23:23:43,PLC,0,Cmd101,0,0,0,0,0,0,0,0,0,0
2026-05-18 23:23:47,PLC,0,Cmd107,0,0,0,0,0,0,0,0,0,0
2026-05-18 23:23:47,RPD,0,Cmd302,0,0,0,0,0,0,0,0,0,0
2026-05-18 23:26:45,PLC,0,Cmd405,10004,0,0,0,0,0,0,0,0,0
2026-05-18 23:27:11,PLC,0,Cmd101,0,0,0,0,0,0,0,0,0,0
2026-05-18 23:27:11,PLC,0,Cmd314,0,0,0,0,0,0,0,0,0,0
2026-05-18 23:27:31,PLC,0,Cmd421,51,4,16385,0,0,0,0,0,1,203
2026-05-18 23:27:35,PLC,0,Cmd413,0,0,0,0,0,0,0,0,0,0
2026-05-18 23:29:48,PLC,0,Cmd405,10004,0,0,0,0,0,0,0,0,0
2026-05-18 23:30:13,PLC,0,Cmd101,0,0,0,0,0,0,0,0,0,0
2026-05-18 23:30:14,PLC,0,Cmd314,0,0,0,0,0,0,0,0,0,0
2026-05-18 23:33:41,PLC,0,Cmd421,22,4,16386,0,0,0,0,0,1,230
2026-05-18 23:33:45,PLC,0,Cmd413,0,0,0,0,0,0,0,0,0,0
2026-05-18 23:37:16,PLC,0,Cmd405,10004,0,0,0,0,0,0,0,0,0
2026-05-18 23:37:42,PLC,0,Cmd101,0,0,0,0,0,0,0,0,0,0
2026-05-18 23:37:42,PLC,0,Cmd314,0,0,0,0,0,0,0,0,0,0
2026-05-18 23:41:46,PLC,0,Cmd421,26,4,53248,0,128,0,0,0,1,201
2026-05-18 23:41:50,PLC,0,Cmd413,0,0,0,0,0,0,0,0,0,0
2026-05-18 23:42:59,PLC,0,Cmd405,10004,0,0,0,0,0,0,0,0,0
2026-05-18 23:43:25,PLC,0,Cmd101,0,0,0,0,0,0,0,0,0,0
2026-05-18 23:43:25,PLC,0,Cmd314,0,0,0,0,0,0,0,0,0,0
2026-05-18 23:52:28,PLC,0,Cmd421,22,4,16385,0,0,0,0,0,1,48
2026-05-18 23:52:32,PLC,0,Cmd413,0,0,0,0,0,0,0,0,0,0
2026-05-18 23:56:02,PLC,0,Cmd405,10004,0,0,0,0,0,0,0,0,0
2026-05-18 23:56:28,PLC,0,Cmd101,0,0,0,0,0,0,0,0,0,0
2026-05-18 23:56:28,PLC,0,Cmd314,0,0,0,0,0,0,0,0,0,0
2026-05-19 00:02:14,PLC,0,Cmd421,22,4,16386,0,0,0,0,0,1,29
