2026-05-18 18:25:28,PLC,0,Cmd303,0,0,0,0,0,0,0,0,0,0
2026-05-18 18:25:30,PLC,0,Cmd101,0,0,0,0,0,0,0,0,0,0
2026-05-18 18:25:31,PLC,0,Cmd107,0,0,0,0,0,0,0,0,0,0
2026-05-18 18:26:18,PLC,0,Cmd102,0,0,0,0,0,0,0,0,0,0
2026-05-18 18:26:43,PLC,0,Cmd101,0,0,0,0,0,0,0,0,0,0
2026-05-18 18:27:13,PLC,0,Cmd302,0,0,0,0,0,0,0,0,0,0
2026-05-18 18:27:13,PLC,0,Cmd314,0,0,0,0,0,0,0,0,0,0
2026-05-18 18:27:15,PLC,0,Cmd101,0,0,0,0,0,0,0,0,0,0
2026-05-18 18:27:16,PLC,0,Cmd107,0,0,0,0,0,0,0,0,0,0
2026-05-18 18:27:16,RPD,0,Cmd302,0,0,0,0,0,0,0,0,0,0
2026-05-18 18:27:26,PLC,0,Cmd101,0,0,0,0,0,0,0,0,0,0
2026-05-18 18:27:33,PLC,0,Cmd102,0,0,0,0,0,0,0,0,0,0
2026-05-18 18:27:37,PLC,0,Cmd302,0,0,0,0,0,0,0,0,0,0
2026-05-18 18:27:37,PLC,0,Cmd314,0,0,0,0,0,0,0,0,0,0
2026-05-18 18:27:39,PLC,0,Cmd101,0,0,0,0,0,0,0,0,0,0
2026-05-18 18:27:41,PLC,0,Cmd107,0,0,0,0,0,0,0,0,0,0
2026-05-18 18:27:41,RPD,0,Cmd302,0,0,0,0,0,0,0,0,0,0
2026-05-18 18:30:14,PLC,0,Cmd107,1,0,0,0,0,0,0,0,0,0
2026-05-18 18:30:14,RPD,0,Cmd302,0,0,0,0,0,0,0,0,0,0
2026-05-18 18:30:15,PLC,0,Cmd204,0,0,0,0,0,0,0,0,0,0
2026-05-18 18:30:17,PLC,0,Cmd303,0,0,0,0,0,0,0,0,0,0
2026-05-18 18:30:17,PLC,0,Cmd102,0,0,0,0,0,0,0,0,0,0
2026-05-18 18:30:17,PLC,0,Cmd302,0,0,0,0,0,0,0,0,0,0
2026-05-18 18:30:18,PLC,0,Cmd315,0,0,0,0,0,0,0,0,0,0
2026-05-18 18:30:18,PLC,0,Cmd101,0,0,0,0,0,0,0,0,0,0
2026-05-18 18:30:20,PLC,0,Cmd107,0,0,0,0,0,0,0,0,0,0
2026-05-18 18:30:20,RPD,0,Cmd302,0,0,0,0,0,0,0,0,0,0
2026-05-18 18:30:21,PLC,0,Cmd107,0,0,0,0,0,0,0,0,0,0
2026-05-18 18:30:21,RPD,0,Cmd302,0,0,0,0,0,0,0,0,0,0
2026-05-18 18:30:51,PLC,0,Cmd111,0,0,0,0,0,0,0,0,0,0
2026-05-18 18:30:52,PLC,0,Cmd303,0,0,0,0,0,0,0,0,0,0
2026-05-18 18:30:52,PLC,0,Cmd140,0,0,0,0,0,0,0,0,0,0
2026-05-18 18:31:51,PLC,0,Cmd101,0,0,0,0,0,0,0,0,0,0
2026-05-18 18:32:20,PLC,0,Cmd141,0,0,0,0,0,0,0,0,0,0
2026-05-18 18:32:21,PLC,0,Cmd101,0,0,0,0,0,0,0,0,0,0
2026-05-18 18:32:21,PLC,0,Cmd106,0,0,0,0,0,0,0,0,0,0
2026-05-18 18:32:22,PLC,0,Cmd1,0,0,0,0,0,0,0,0,0,0
2026-05-18 18:32:23,PLC,0,Cmd101,0,0,0,0,0,0,0,0,0,0
2026-05-18 18:32:23,PLC,0,Cmd302,0,0,0,0,0,0,0,0,0,0
2026-05-18 18:32:26,PLC,0,Cmd107,0,0,0,0,0,0,0,0,0,0
2026-05-18 18:32:26,RPD,0,Cmd302,0,0,0,0,0,0,0,0,0,0
2026-05-18 18:32:27,PLC,0,Cmd101,0,0,0,0,0,0,0,0,0,0
2026-05-18 18:32:30,PLC,0,Cmd101,0,0,0,0,0,0,0,0,0,0
2026-05-18 18:33:57,PLC,0,Cmd421,51,19,49216,0,1025,650,1,2,1,152
2026-05-18 18:35:09,PLC,0,Cmd101,0,0,0,0,0,0,0,0,0,0
2026-05-18 18:35:10,PLC,0,Cmd314,0,0,0,0,0,0,0,0,0,0
2026-05-18 18:35:14,PLC,0,Cmd413,0,0,0,0,0,0,0,0,0,0
2026-05-18 18:35:24,PLC,0,Cmd421,0,19,49216,0,1025,650,1,2,1,152
2026-05-18 18:35:28,PLC,0,Cmd315,0,0,0,0,0,0,0,0,0,0
2026-05-18 18:35:28,PLC,0,Cmd303,0,0,0,0,0,0,0,0,0,0
2026-05-18 18:35:34,PLC,0,Cmd102,0,0,0,0,0,0,0,0,0,0
2026-05-18 18:35:52,PLC,0,Cmd302,0,0,0,0,0,0,0,0,0,0
2026-05-18 18:35:53,PLC,0,Cmd314,0,0,0,0,0,0,0,0,0,0
2026-05-18 18:35:55,PLC,0,Cmd101,0,0,0,0,0,0,0,0,0,0
2026-05-18 18:35:55,PLC,0,Cmd203,0,0,0,0,0,0,0,0,0,0
2026-05-18 18:35:57,PLC,0,Cmd107,0,0,0,0,0,0,0,0,0,0
2026-05-18 18:35:57,RPD,0,Cmd302,0,0,0,0,0,0,0,0,0,0
2026-05-18 18:36:13,PLC,0,Cmd102,0,0,0,0,0,0,0,0,0,0
2026-05-18 18:36:18,PLC,0,Cmd315,0,0,0,0,0,0,0,0,0,0
2026-05-18 18:36:19,PLC,0,Cmd303,0,0,0,0,0,0,0,0,0,0
2026-05-18 18:36:20,PLC,0,Cmd101,0,0,0,0,0,0,0,0,0,0
2026-05-18 18:36:21,PLC,0,Cmd203,0,0,0,0,0,0,0,0,0,0
2026-05-18 18:36:22,PLC,0,Cmd101,0,0,0,0,0,0,0,0,0,0
2026-05-18 18:36:22,PLC,0,Cmd203,0,0,0,0,0,0,0,0,0,0
2026-05-18 18:36:23,PLC,0,Cmd107,0,0,0,0,0,0,0,0,0,0
2026-05-18 18:36:37,PLC,0,Cmd102,0,0,0,0,0,0,0,0,0,0
2026-05-18 18:36:43,PLC,0,Cmd101,0,0,0,0,0,0,0,0,0,0
2026-05-18 18:36:43,PLC,0,Cmd203,0,0,0,0,0,0,0,0,0,0
2026-05-18 18:36:44,PLC,0,Cmd107,0,0,0,0,0,0,0,0,0,0
2026-05-18 18:36:59,PLC,0,Cmd102,0,0,0,0,0,0,0,0,0,0
2026-05-18 18:37:00,PLC,0,Cmd302,0,0,0,0,0,0,0,0,0,0
2026-05-18 18:37:01,PLC,0,Cmd314,0,0,0,0,0,0,0,0,0,0
2026-05-18 18:37:02,PLC,0,Cmd101,0,0,0,0,0,0,0,0,0,0
2026-05-18 18:37:02,PLC,0,Cmd203,0,0,0,0,0,0,0,0,0,0
2026-05-18 18:37:03,PLC,0,Cmd107,0,0,0,0,0,0,0,0,0,0
2026-05-18 18:37:03,RPD,0,Cmd302,0,0,0,0,0,0,0,0,0,0
2026-05-18 18:37:16,PLC,0,Cmd101,0,0,0,0,0,0,0,0,0,0
2026-05-18 18:37:16,PLC,0,Cmd203,0,0,0,0,0,0,0,0,0,0
2026-05-18 18:37:45,PLC,0,Cmd315,0,0,0,0,0,0,0,0,0,0
2026-05-18 18:37:46,PLC,0,Cmd303,0,0,0,0,0,0,0,0,0,0
2026-05-18 18:37:51,PLC,0,Cmd102,0,0,0,0,0,0,0,0,0,0
2026-05-18 18:37:59,PLC,0,Cmd428,0,0,0,0,0,0,0,0,0,0
2026-05-18 18:38:01,PLC,0,Cmd107,1,0,0,0,0,0,0,0,0,0
2026-05-18 18:38:02,PLC,0,Cmd204,0,0,0,0,0,0,0,0,0,0
2026-05-18 18:38:05,PLC,0,Cmd101,0,0,0,0,0,0,0,0,0,0
2026-05-18 18:38:06,PLC,0,Cmd203,0,0,0,0,0,0,0,0,0,0
2026-05-18 18:38:14,PLC,0,Cmd101,0,0,0,0,0,0,0,0,0,0
2026-05-18 18:38:15,PLC,0,Cmd314,0,0,0,0,0,0,0,0,0,0
2026-05-18 18:38:23,PLC,0,Cmd107,1,0,0,0,0,0,0,0,0,0
2026-05-18 18:38:24,PLC,0,Cmd204,0,0,0,0,0,0,0,0,0,0
2026-05-18 18:38:25,PLC,0,Cmd303,0,0,0,0,0,0,0,0,0,0
2026-05-18 18:38:25,PLC,0,Cmd315,0,0,0,0,0,0,0,0,0,0
2026-05-18 18:38:26,PLC,0,Cmd302,0,0,0,0,0,0,0,0,0,0
2026-05-18 18:38:27,PLC,0,Cmd101,0,0,0,0,0,0,0,0,0,0
2026-05-18 18:38:28,PLC,0,Cmd107,0,0,0,0,0,0,0,0,0,0
2026-05-18 18:38:28,RPD,0,Cmd302,0,0,0,0,0,0,0,0,0,0
2026-05-18 18:38:29,PLC,0,Cmd101,0,0,0,0,0,0,0,0,0,0
2026-05-18 18:38:34,PLC,0,Cmd101,0,0,0,0,0,0,0,0,0,0
2026-05-18 18:38:36,PLC,0,Cmd107,0,0,0,0,0,0,0,0,0,0
2026-05-18 18:38:36,RPD,0,Cmd302,0,0,0,0,0,0,0,0,0,0
2026-05-18 18:38:39,PLC,0,Cmd107,1,0,0,0,0,0,0,0,0,0
2026-05-18 18:38:39,RPD,0,Cmd302,0,0,0,0,0,0,0,0,0,0
2026-05-18 18:38:40,PLC,0,Cmd204,0,0,0,0,0,0,0,0,0,0
2026-05-18 18:38:41,PLC,0,Cmd101,0,0,0,0,0,0,0,0,0,0
2026-05-18 18:38:42,PLC,0,Cmd750,2,1,4,0,0,0,0,0,0,0
2026-05-18 18:38:42,RPD,0,Cmd401,1002,1,4,0,0,0,0,0,0,0
2026-05-18 18:38:42,RPD,0,Cmd422,0,1002,0,0,0,1,4,0,1,0
2026-05-18 18:38:42,PLC,0,Cmd203,0,0,0,0,0,0,0,0,0,0
2026-05-18 18:38:51,PLC,0,Cmd101,0,0,0,0,0,0,0,0,0,0
2026-05-18 18:38:53,PLC,0,Cmd107,0,0,0,0,0,0,0,0,0,0
2026-05-18 18:38:53,RPD,0,Cmd302,0,0,0,0,0,0,0,0,0,0
2026-05-18 18:39:34,PLC,0,Cmd421,51,8,16385,0,0,203,1,2,1,126
2026-05-18 18:41:02,PLC,0,Cmd101,0,0,0,0,0,0,0,0,0,0
2026-05-18 18:41:03,PLC,0,Cmd314,0,0,0,0,0,0,0,0,0,0
2026-05-18 18:44:16,PLC,0,Cmd413,0,0,0,0,0,0,0,0,0,0
2026-05-18 18:44:25,PLC,0,Cmd421,0,8,16385,0,0,169,1,2,1,126
2026-05-18 18:45:47,PLC,0,Cmd101,0,0,0,0,0,0,0,0,0,0
2026-05-18 18:45:47,PLC,0,Cmd314,0,0,0,0,0,0,0,0,0,0
2026-05-18 18:45:53,PLC,0,Cmd421,25,3,16386,0,0,453,2,2,1,230
2026-05-18 18:47:17,PLC,0,Cmd101,0,0,0,0,0,0,0,0,0,0
2026-05-18 18:47:18,PLC,0,Cmd314,0,0,0,0,0,0,0,0,0,0
2026-05-18 18:49:47,PLC,0,Cmd413,0,0,0,0,0,0,0,0,0,0
2026-05-18 18:49:56,PLC,0,Cmd421,0,3,16386,0,0,477,2,2,1,230
2026-05-18 18:51:54,PLC,0,Cmd101,0,0,0,0,0,0,0,0,0,0
2026-05-18 18:51:54,PLC,0,Cmd314,0,0,0,0,0,0,0,0,0,0
2026-05-18 18:52:10,PLC,0,Cmd421,22,7,16386,0,0,650,2,2,1,84
2026-05-18 18:54:54,PLC,0,Cmd101,0,0,0,0,0,0,0,0,0,0
2026-05-18 18:54:55,PLC,0,Cmd314,0,0,0,0,0,0,0,0,0,0
2026-05-18 18:55:00,PLC,0,Cmd413,0,0,0,0,0,0,0,0,0,0
2026-05-18 18:55:07,PLC,0,Cmd421,0,7,16386,0,0,303,2,2,1,84
2026-05-18 18:57:33,PLC,0,Cmd101,0,0,0,0,0,0,0,0,0,0
2026-05-18 18:57:34,PLC,0,Cmd314,0,0,0,0,0,0,0,0,0,0
2026-05-18 18:57:39,PLC,0,Cmd421,53,1,16385,0,0,493,1,0,1,203
2026-05-18 18:59:24,PLC,0,Cmd101,0,0,0,0,0,0,0,0,0,0
2026-05-18 18:59:25,PLC,0,Cmd314,0,0,0,0,0,0,0,0,0,0
2026-05-18 18:59:31,PLC,0,Cmd413,0,0,0,0,0,0,0,0,0,0
2026-05-18 18:59:37,PLC,0,Cmd421,26,136,53248,0,128,50,1,0,1,201
2026-05-18 19:01:51,PLC,0,Cmd101,0,0,0,0,0,0,0,0,0,0
2026-05-18 19:01:52,PLC,0,Cmd314,0,0,0,0,0,0,0,0,0,0
2026-05-18 19:02:09,PLC,0,Cmd413,0,0,0,0,0,0,0,0,0,0
2026-05-18 19:02:25,PLC,0,Cmd421,26,159,49152,32,0,156,1,0,1,169
2026-05-18 19:03:47,PLC,0,Cmd101,0,0,0,0,0,0,0,0,0,0
2026-05-18 19:03:48,PLC,0,Cmd314,0,0,0,0,0,0,0,0,0,0
2026-05-18 19:03:54,PLC,0,Cmd413,0,0,0,0,0,0,0,0,0,0
2026-05-18 19:04:05,PLC,0,Cmd421,25,2,16448,0,0,436,2,2,1,60
2026-05-18 19:05:35,PLC,0,Cmd101,0,0,0,0,0,0,0,0,0,0
2026-05-18 19:05:35,PLC,0,Cmd314,0,0,0,0,0,0,0,0,0,0
2026-05-18 19:08:48,PLC,0,Cmd413,0,0,0,0,0,0,0,0,0,0
2026-05-18 19:08:57,PLC,0,Cmd421,0,2,16448,0,0,442,2,2,1,60
2026-05-18 19:10:55,PLC,0,Cmd101,0,0,0,0,0,0,0,0,0,0
2026-05-18 19:10:56,PLC,0,Cmd314,0,0,0,0,0,0,0,0,0,0
2026-05-18 19:11:08,PLC,0,Cmd421,51,27,49154,0,256,650,2,2,1,12
2026-05-18 19:12:51,PLC,0,Cmd101,0,0,0,0,0,0,0,0,0,0
2026-05-18 19:12:51,PLC,0,Cmd314,0,0,0,0,0,0,0,0,0,0
2026-05-18 19:13:04,PLC,0,Cmd413,0,0,0,0,0,0,0,0,0,0
2026-05-18 19:13:16,PLC,0,Cmd421,0,27,49154,0,256,281,2,2,1,12
2026-05-18 19:14:53,PLC,0,Cmd101,0,0,0,0,0,0,0,0,0,0
2026-05-18 19:14:53,PLC,0,Cmd314,0,0,0,0,0,0,0,0,0,0
2026-05-18 19:15:10,PLC,0,Cmd750,2,2,4,0,0,0,0,0,0,0
2026-05-18 19:15:10,RPD,0,Cmd401,1002,2,4,0,0,0,0,0,0,0
2026-05-18 19:15:10,RPD,0,Cmd422,0,1002,0,0,0,2,4,0,1,0
2026-05-18 19:15:55,PLC,0,Cmd750,2,1,4,0,0,0,0,0,0,0
2026-05-18 19:15:55,RPD,0,Cmd401,1002,1,4,0,0,0,0,0,0,0
2026-05-18 19:15:55,RPD,0,Cmd422,0,1002,0,0,0,1,4,0,1,0
2026-05-18 19:17:52,PLC,0,Cmd750,2,3,4,0,0,0,0,0,0,0
2026-05-18 19:17:52,RPD,0,Cmd401,1002,3,4,0,0,0,0,0,0,0
2026-05-18 19:17:52,RPD,0,Cmd422,0,1002,0,0,0,3,4,0,1,0
2026-05-18 19:34:14,PLC,0,Cmd421,26,5,49152,289,648,233,1,0,1,180
2026-05-18 19:34:53,PLC,0,Cmd101,0,0,0,0,0,0,0,0,0,0
2026-05-18 19:34:53,PLC,0,Cmd314,0,0,0,0,0,0,0,0,0,0
2026-05-18 19:34:57,PLC,0,Cmd413,0,0,0,0,0,0,0,0,0,0
2026-05-18 19:37:10,PLC,0,Cmd421,26,35,49152,1333,654,266,1,0,1,101
2026-05-18 19:37:53,PLC,0,Cmd101,0,0,0,0,0,0,0,0,0,0
2026-05-18 19:37:53,PLC,0,Cmd314,0,0,0,0,0,0,0,0,0,0
2026-05-18 19:37:57,PLC,0,Cmd413,0,0,0,0,0,0,0,0,0,0
2026-05-18 19:41:13,PLC,0,Cmd750,2,4,4,0,0,0,0,0,0,0
2026-05-18 19:41:13,RPD,0,Cmd401,1002,4,4,0,0,0,0,0,0,0
2026-05-18 19:41:13,RPD,0,Cmd422,0,1002,0,0,0,4,4,0,1,0
2026-05-18 19:41:56,PLC,0,Cmd421,25,3,16385,0,0,485,1,2,1,48
2026-05-18 19:43:39,PLC,0,Cmd101,0,0,0,0,0,0,0,0,0,0
2026-05-18 19:43:40,PLC,0,Cmd314,0,0,0,0,0,0,0,0,0,0
2026-05-18 19:46:45,PLC,0,Cmd413,0,0,0,0,0,0,0,0,0,0
2026-05-18 19:46:53,PLC,0,Cmd421,0,3,16385,0,0,477,1,2,1,48
2026-05-18 19:48:49,PLC,0,Cmd101,0,0,0,0,0,0,0,0,0,0
2026-05-18 19:48:50,PLC,0,Cmd314,0,0,0,0,0,0,0,0,0,0
2026-05-18 19:49:59,PLC,0,Cmd421,22,20,16386,0,0,650,2,2,1,37
2026-05-18 19:51:05,PLC,0,Cmd101,0,0,0,0,0,0,0,0,0,0
2026-05-18 19:51:06,PLC,0,Cmd314,0,0,0,0,0,0,0,0,0,0
2026-05-18 19:54:41,PLC,0,Cmd413,0,0,0,0,0,0,0,0,0,0
2026-05-18 19:54:50,PLC,0,Cmd421,0,20,16386,0,0,194,2,2,1,37
2026-05-18 19:56:41,PLC,0,Cmd101,0,0,0,0,0,0,0,0,0,0
2026-05-18 19:56:41,PLC,0,Cmd314,0,0,0,0,0,0,0,0,0,0
2026-05-18 19:57:08,PLC,0,Cmd421,26,41,53248,32,136,180,1,0,1,106
2026-05-18 19:59:24,PLC,0,Cmd101,0,0,0,0,0,0,0,0,0,0
2026-05-18 19:59:25,PLC,0,Cmd314,0,0,0,0,0,0,0,0,0,0
2026-05-18 19:59:28,PLC,0,Cmd413,0,0,0,0,0,0,0,0,0,0
2026-05-18 20:01:46,PLC,0,Cmd750,2,1,4,0,0,0,0,0,0,0
2026-05-18 20:01:46,RPD,0,Cmd401,1002,1,4,0,0,0,0,0,0,0
2026-05-18 20:01:46,RPD,0,Cmd422,0,1002,0,0,0,1,4,0,1,0
2026-05-18 20:01:46,PLC,0,Cmd421,22,41,20544,0,0,650,1,2,1,171
2026-05-18 20:03:27,PLC,0,Cmd101,0,0,0,0,0,0,0,0,0,0
2026-05-18 20:03:28,PLC,0,Cmd314,0,0,0,0,0,0,0,0,0,0
2026-05-18 20:04:34,PLC,0,Cmd413,0,0,0,0,0,0,0,0,0,0
2026-05-18 20:04:41,PLC,0,Cmd421,0,41,20544,0,0,414,1,2,1,171
2026-05-18 20:06:30,PLC,0,Cmd101,0,0,0,0,0,0,0,0,0,0
2026-05-18 20:06:30,PLC,0,Cmd314,0,0,0,0,0,0,0,0,0,0
2026-05-18 20:08:12,PLC,0,Cmd750,2,3,4,0,0,0,0,0,0,0
2026-05-18 20:08:12,RPD,0,Cmd401,1002,3,4,0,0,0,0,0,0,0
2026-05-18 20:08:12,RPD,0,Cmd422,0,1002,0,0,0,3,4,0,1,0
2026-05-18 20:08:20,PLC,0,Cmd421,53,3,16392,0,0,494,2,0,1,148
2026-05-18 20:09:50,PLC,0,Cmd101,0,0,0,0,0,0,0,0,0,0
2026-05-18 20:09:51,PLC,0,Cmd314,0,0,0,0,0,0,0,0,0,0
2026-05-18 20:11:51,PLC,0,Cmd413,0,0,0,0,0,0,0,0,0,0
2026-05-18 20:11:57,PLC,0,Cmd421,26,5,49152,1981,17146,485,1,0,1,2
2026-05-18 20:14:11,PLC,0,Cmd101,0,0,0,0,0,0,0,0,0,0
2026-05-18 20:14:11,PLC,0,Cmd314,0,0,0,0,0,0,0,0,0,0
2026-05-18 20:14:29,PLC,0,Cmd413,0,0,0,0,0,0,0,0,0,0
2026-05-18 20:14:46,PLC,0,Cmd421,22,8,16386,0,0,650,2,2,1,202
2026-05-18 20:19:26,PLC,0,Cmd101,0,0,0,0,0,0,0,0,0,0
2026-05-18 20:19:26,PLC,0,Cmd314,0,0,0,0,0,0,0,0,0,0
2026-05-18 20:19:32,PLC,0,Cmd413,0,0,0,0,0,0,0,0,0,0
2026-05-18 20:19:40,PLC,0,Cmd421,0,8,16386,0,0,306,2,2,1,202
2026-05-18 20:21:31,PLC,0,Cmd101,0,0,0,0,0,0,0,0,0,0
2026-05-18 20:21:31,PLC,0,Cmd314,0,0,0,0,0,0,0,0,0,0
2026-05-18 20:23:14,PLC,0,Cmd750,2,3,4,0,0,0,0,0,0,0
2026-05-18 20:23:14,RPD,0,Cmd401,1002,3,4,0,0,0,0,0,0,0
2026-05-18 20:23:14,RPD,0,Cmd422,0,1002,0,0,0,3,4,0,1,0
2026-05-18 20:24:00,PLC,0,Cmd750,2,1,4,0,0,0,0,0,0,0
2026-05-18 20:24:00,RPD,0,Cmd401,1002,1,4,0,0,0,0,0,0,0
2026-05-18 20:24:00,RPD,0,Cmd422,0,1002,0,0,0,1,4,0,1,0
2026-05-18 20:25:02,PLC,0,Cmd421,53,1,16385,0,0,494,1,0,1,207
2026-05-18 20:26:21,PLC,0,Cmd101,0,0,0,0,0,0,0,0,0,0
2026-05-18 20:26:22,PLC,0,Cmd314,0,0,0,0,0,0,0,0,0,0
2026-05-18 20:31:32,PLC,0,Cmd413,0,0,0,0,0,0,0,0,0,0
2026-05-18 20:31:38,PLC,0,Cmd421,26,20,49152,1333,652,252,1,0,1,102
2026-05-18 20:33:51,PLC,0,Cmd101,0,0,0,0,0,0,0,0,0,0
2026-05-18 20:33:51,PLC,0,Cmd314,0,0,0,0,0,0,0,0,0,0
2026-05-18 20:34:10,PLC,0,Cmd413,0,0,0,0,0,0,0,0,0,0
2026-05-18 20:34:28,PLC,0,Cmd421,26,55,49152,32,648,207,2,0,1,175
2026-05-18 20:37:46,PLC,0,Cmd101,0,0,0,0,0,0,0,0,0,0
2026-05-18 20:37:47,PLC,0,Cmd314,0,0,0,0,0,0,0,0,0,0
2026-05-18 20:37:53,PLC,0,Cmd413,0,0,0,0,0,0,0,0,0,0
2026-05-18 20:40:12,PLC,0,Cmd750,2,1,4,0,0,0,0,0,0,0
2026-05-18 20:40:12,RPD,0,Cmd401,1002,1,4,0,0,0,0,0,0,0
2026-05-18 20:40:12,RPD,0,Cmd422,0,1002,0,0,0,1,4,0,1,0
2026-05-18 20:40:13,PLC,0,Cmd421,22,55,16448,0,0,650,2,2,1,133
2026-05-18 20:41:54,PLC,0,Cmd101,0,0,0,0,0,0,0,0,0,0
2026-05-18 20:41:54,PLC,0,Cmd314,0,0,0,0,0,0,0,0,0,0
2026-05-18 20:42:36,PLC,0,Cmd413,0,0,0,0,0,0,0,0,0,0
2026-05-18 20:42:43,PLC,0,Cmd421,0,55,16448,0,0,395,2,2,1,133
2026-05-18 20:44:33,PLC,0,Cmd101,0,0,0,0,0,0,0,0,0,0
2026-05-18 20:44:33,PLC,0,Cmd314,0,0,0,0,0,0,0,0,0,0
2026-05-18 20:44:49,PLC,0,Cmd421,25,1,16386,0,0,453,2,2,1,59
2026-05-18 20:46:24,PLC,0,Cmd101,0,0,0,0,0,0,0,0,0,0
2026-05-18 20:46:25,PLC,0,Cmd314,0,0,0,0,0,0,0,0,0,0
2026-05-18 20:47:35,PLC,0,Cmd413,0,0,0,0,0,0,0,0,0,0
2026-05-18 20:47:42,PLC,0,Cmd421,0,1,16386,0,0,477,2,2,1,59
2026-05-18 20:49:40,PLC,0,Cmd101,0,0,0,0,0,0,0,0,0,0
2026-05-18 20:49:40,PLC,0,Cmd314,0,0,0,0,0,0,0,0,0,0
2026-05-18 20:49:55,PLC,0,Cmd421,56,5,49152,1535,255,345,1,0,1,91
2026-05-18 20:51:37,PLC,0,Cmd101,0,0,0,0,0,0,0,0,0,0
2026-05-18 20:51:37,PLC,0,Cmd314,0,0,0,0,0,0,0,0,0,0
2026-05-18 20:51:52,PLC,0,Cmd413,0,0,0,0,0,0,0,0,0,0
2026-05-18 20:52:00,PLC,0,Cmd421,51,5,16386,0,0,650,1,2,1,145
2026-05-18 20:55:53,PLC,0,Cmd101,0,0,0,0,0,0,0,0,0,0
2026-05-18 20:55:53,PLC,0,Cmd314,0,0,0,0,0,0,0,0,0,0
2026-05-18 20:56:01,PLC,0,Cmd413,0,0,0,0,0,0,0,0,0,0
2026-05-18 20:56:13,PLC,0,Cmd421,0,5,16386,0,0,231,1,2,1,145
2026-05-18 20:58:52,PLC,0,Cmd101,0,0,0,0,0,0,0,0,0,0
2026-05-18 20:58:53,PLC,0,Cmd314,0,0,0,0,0,0,0,0,0,0
2026-05-18 20:58:55,PLC,0,Cmd421,26,98,49152,1056,650,181,2,0,1,197
2026-05-18 21:00:59,PLC,0,Cmd101,0,0,0,0,0,0,0,0,0,0
2026-05-18 21:01:00,PLC,0,Cmd314,0,0,0,0,0,0,0,0,0,0
2026-05-18 21:01:06,PLC,0,Cmd413,0,0,0,0,0,0,0,0,0,0
2026-05-18 21:03:42,PLC,0,Cmd750,2,3,4,0,0,0,0,0,0,0
2026-05-18 21:03:42,RPD,0,Cmd401,1002,3,4,0,0,0,0,0,0,0
2026-05-18 21:03:42,RPD,0,Cmd422,0,1002,0,0,0,3,4,0,1,0
2026-05-18 21:04:32,PLC,0,Cmd750,2,1,4,0,0,0,0,0,0,0
2026-05-18 21:04:32,RPD,0,Cmd401,1002,1,4,0,0,0,0,0,0,0
2026-05-18 21:04:32,RPD,0,Cmd422,0,1002,0,0,0,1,4,0,1,0
2026-05-18 21:07:29,PLC,0,Cmd421,25,1,16386,0,0,453,1,2,1,66
2026-05-18 21:08:17,PLC,0,Cmd101,0,0,0,0,0,0,0,0,0,0
2026-05-18 21:08:18,PLC,0,Cmd314,0,0,0,0,0,0,0,0,0,0
2026-05-18 21:12:39,PLC,0,Cmd413,0,0,0,0,0,0,0,0,0,0
2026-05-18 21:12:46,PLC,0,Cmd421,0,1,16386,0,0,476,1,2,1,66
2026-05-18 21:14:44,PLC,0,Cmd101,0,0,0,0,0,0,0,0,0,0
2026-05-18 21:14:45,PLC,0,Cmd314,0,0,0,0,0,0,0,0,0,0
2026-05-18 21:27:08,PLC,0,Cmd421,26,112,49152,289,648,184,1,0,1,186
2026-05-18 21:27:49,PLC,0,Cmd101,0,0,0,0,0,0,0,0,0,0
2026-05-18 21:27:50,PLC,0,Cmd314,0,0,0,0,0,0,0,0,0,0
2026-05-18 21:27:55,PLC,0,Cmd413,0,0,0,0,0,0,0,0,0,0
2026-05-18 21:28:04,PLC,0,Cmd421,22,112,16386,0,0,650,1,2,1,103
2026-05-18 21:30:34,PLC,0,Cmd101,0,0,0,0,0,0,0,0,0,0
2026-05-18 21:30:34,PLC,0,Cmd314,0,0,0,0,0,0,0,0,0,0
2026-05-18 21:33:15,PLC,0,Cmd413,0,0,0,0,0,0,0,0,0,0
2026-05-18 21:33:22,PLC,0,Cmd421,0,112,16386,0,0,268,1,2,1,103
2026-05-18 21:35:13,PLC,0,Cmd101,0,0,0,0,0,0,0,0,0,0
2026-05-18 21:35:14,PLC,0,Cmd314,0,0,0,0,0,0,0,0,0,0
2026-05-18 21:35:42,PLC,0,Cmd421,22,98,16448,0,0,650,1,2,1,150
2026-05-18 21:35:53,PLC,0,Cmd101,0,0,0,0,0,0,0,0,0,0
2026-05-18 21:35:53,PLC,0,Cmd203,0,0,0,0,0,0,0,0,0,0
2026-05-18 21:37:20,PLC,0,Cmd101,0,0,0,0,0,0,0,0,0,0
2026-05-18 21:37:20,PLC,0,Cmd314,0,0,0,0,0,0,0,0,0,0
2026-05-18 21:40:24,PLC,0,Cmd413,0,0,0,0,0,0,0,0,0,0
2026-05-18 21:40:31,PLC,0,Cmd421,0,98,16448,0,0,286,1,2,1,150
2026-05-18 21:42:20,PLC,0,Cmd101,0,0,0,0,0,0,0,0,0,0
2026-05-18 21:42:21,PLC,0,Cmd314,0,0,0,0,0,0,0,0,0,0
2026-05-18 21:42:37,PLC,0,Cmd421,25,3,16448,0,0,453,2,2,1,50
2026-05-18 21:44:11,PLC,0,Cmd101,0,0,0,0,0,0,0,0,0,0
2026-05-18 21:44:12,PLC,0,Cmd314,0,0,0,0,0,0,0,0,0,0
2026-05-18 21:45:23,PLC,0,Cmd413,0,0,0,0,0,0,0,0,0,0
2026-05-18 21:45:30,PLC,0,Cmd421,0,3,16448,0,0,476,2,2,1,50
2026-05-18 21:47:28,PLC,0,Cmd101,0,0,0,0,0,0,0,0,0,0
2026-05-18 21:47:28,PLC,0,Cmd314,0,0,0,0,0,0,0,0,0,0
2026-05-18 21:47:43,PLC,0,Cmd421,26,73,49152,32,648,194,2,0,1,113
2026-05-18 21:49:25,PLC,0,Cmd101,0,0,0,0,0,0,0,0,0,0
2026-05-18 21:49:26,PLC,0,Cmd314,0,0,0,0,0,0,0,0,0,0
2026-05-18 21:49:39,PLC,0,Cmd413,0,0,0,0,0,0,0,0,0,0
2026-05-18 21:49:51,PLC,0,Cmd421,56,28,49152,1535,255,497,1,0,1,155
2026-05-18 21:52:21,PLC,0,Cmd101,0,0,0,0,0,0,0,0,0,0
2026-05-18 21:52:21,PLC,0,Cmd314,0,0,0,0,0,0,0,0,0,0
2026-05-18 21:52:27,PLC,0,Cmd413,0,0,0,0,0,0,0,0,0,0
2026-05-18 21:52:36,PLC,0,Cmd421,51,28,16386,0,0,650,1,2,1,31
2026-05-18 21:54:35,PLC,0,Cmd102,0,0,0,0,0,0,0,0,0,0
2026-05-18 21:54:41,PLC,0,Cmd101,0,0,0,0,0,0,0,0,0,0
2026-05-18 21:54:41,PLC,0,Cmd203,0,0,0,0,0,0,0,0,0,0
2026-05-18 21:54:42,PLC,0,Cmd101,0,0,0,0,0,0,0,0,0,0
2026-05-18 21:54:43,PLC,0,Cmd314,0,0,0,0,0,0,0,0,0,0
2026-05-18 21:54:44,PLC,0,Cmd107,0,0,0,0,0,0,0,0,0,0
2026-05-18 21:54:44,RPD,0,Cmd302,0,0,0,0,0,0,0,0,0,0
2026-05-18 21:56:37,PLC,0,Cmd101,0,0,0,0,0,0,0,0,0,0
2026-05-18 21:56:38,PLC,0,Cmd314,0,0,0,0,0,0,0,0,0,0
2026-05-18 21:56:45,PLC,0,Cmd413,0,0,0,0,0,0,0,0,0,0
2026-05-18 21:56:57,PLC,0,Cmd421,0,28,16386,0,0,333,1,2,1,31
2026-05-18 21:59:37,PLC,0,Cmd101,0,0,0,0,0,0,0,0,0,0
2026-05-18 21:59:38,PLC,0,Cmd314,0,0,0,0,0,0,0,0,0,0
2026-05-18 21:59:42,PLC,0,Cmd421,25,1,49216,0,18304,50,1,2,1,212
2026-05-18 22:00:28,PLC,0,Cmd101,0,0,0,0,0,0,0,0,0,0
2026-05-18 22:00:28,PLC,0,Cmd203,0,0,0,0,0,0,0,0,0,0
2026-05-18 22:01:45,PLC,0,Cmd101,0,0,0,0,0,0,0,0,0,0
2026-05-18 22:01:46,PLC,0,Cmd314,0,0,0,0,0,0,0,0,0,0
2026-05-18 22:01:51,PLC,0,Cmd413,0,0,0,0,0,0,0,0,0,0
2026-05-18 22:02:00,PLC,0,Cmd421,0,1,49216,0,18304,460,1,2,1,212
2026-05-18 22:03:26,PLC,0,Cmd101,0,0,0,0,0,0,0,0,0,0
2026-05-18 22:03:26,PLC,0,Cmd314,0,0,0,0,0,0,0,0,0,0
2026-05-18 22:03:39,PLC,0,Cmd421,56,35,49152,1535,255,410,1,0,1,46
2026-05-18 22:05:25,PLC,0,Cmd101,0,0,0,0,0,0,0,0,0,0
2026-05-18 22:05:26,PLC,0,Cmd314,0,0,0,0,0,0,0,0,0,0
2026-05-18 22:05:43,PLC,0,Cmd413,0,0,0,0,0,0,0,0,0,0
2026-05-18 22:07:50,PLC,0,Cmd102,0,0,0,0,0,0,0,0,0,0
2026-05-18 22:07:53,PLC,0,Cmd101,0,0,0,0,0,0,0,0,0,0
2026-05-18 22:07:55,PLC,0,Cmd107,0,0,0,0,0,0,0,0,0,0
2026-05-18 22:07:55,RPD,0,Cmd302,0,0,0,0,0,0,0,0,0,0
2026-05-18 22:09:30,PLC,0,Cmd750,2,4,4,0,0,0,0,0,0,0
2026-05-18 22:09:30,RPD,0,Cmd401,1002,4,4,0,0,0,0,0,0,0
2026-05-18 22:09:30,RPD,0,Cmd422,0,1002,0,0,0,4,4,0,1,0
2026-05-18 22:09:53,PLC,0,Cmd303,0,0,0,0,0,0,0,0,0,0
2026-05-18 22:09:54,PLC,0,Cmd102,0,0,0,0,0,0,0,0,0,0
2026-05-18 22:09:54,PLC,0,Cmd302,0,0,0,0,0,0,0,0,0,0
2026-05-18 22:09:55,PLC,0,Cmd315,0,0,0,0,0,0,0,0,0,0
2026-05-18 22:09:55,PLC,0,Cmd101,0,0,0,0,0,0,0,0,0,0
2026-05-18 22:09:56,PLC,0,Cmd107,0,0,0,0,0,0,0,0,0,0
2026-05-18 22:09:56,RPD,0,Cmd302,0,0,0,0,0,0,0,0,0,0
2026-05-18 22:10:06,PLC,0,Cmd401,0,0,0,0,0,0,0,0,0,0
2026-05-18 22:10:06,RPD,0,Cmd422,0,999,0,0,0,0,0,0,1,0
2026-05-18 22:10:14,PLC,0,Cmd401,0,0,0,0,0,0,0,0,0,0
2026-05-18 22:10:14,RPD,0,Cmd422,0,999,0,0,0,0,0,0,1,0
2026-05-18 22:10:29,PLC,0,Cmd101,0,0,0,0,0,0,0,0,0,0
2026-05-18 22:11:27,PLC,0,Cmd101,0,0,0,0,0,0,0,0,0,0
2026-05-18 22:11:28,PLC,0,Cmd314,0,0,0,0,0,0,0,0,0,0
2026-05-18 22:11:36,PLC,0,Cmd101,0,0,0,0,0,0,0,0,0,0
2026-05-18 22:11:36,PLC,0,Cmd314,0,0,0,0,0,0,0,0,0,0
2026-05-18 22:11:46,PLC,0,Cmd405,10007,0,0,0,0,0,0,0,0,0
2026-05-18 22:11:53,PLC,0,Cmd111,0,0,0,0,0,0,0,0,0,0
2026-05-18 22:11:54,PLC,0,Cmd303,0,0,0,0,0,0,0,0,0,0
2026-05-18 22:11:54,PLC,0,Cmd315,0,0,0,0,0,0,0,0,0,0
2026-05-18 22:11:54,PLC,0,Cmd140,0,0,0,0,0,0,0,0,0,0
2026-05-18 22:32:34,PLC,0,Cmd141,0,0,0,0,0,0,0,0,0,0
2026-05-18 22:32:34,PLC,0,Cmd106,0,0,0,0,0,0,0,0,0,0
2026-05-18 22:32:35,PLC,0,Cmd101,0,0,0,0,0,0,0,0,0,0
2026-05-18 22:32:36,PLC,0,Cmd1,0,0,0,0,0,0,0,0,0,0
2026-05-18 22:32:36,PLC,0,Cmd302,0,0,0,0,0,0,0,0,0,0
2026-05-18 22:32:39,PLC,0,Cmd107,0,0,0,0,0,0,0,0,0,0
2026-05-18 22:32:39,RPD,0,Cmd302,0,0,0,0,0,0,0,0,0,0
2026-05-18 22:32:40,PLC,0,Cmd107,0,0,0,0,0,0,0,0,0,0
2026-05-18 22:32:40,RPD,0,Cmd302,0,0,0,0,0,0,0,0,0,0
2026-05-18 22:33:17,PLC,0,Cmd405,10001,0,0,0,0,0,0,0,0,0
2026-05-18 22:33:27,PLC,0,Cmd101,0,0,0,0,0,0,0,0,0,0
2026-05-18 22:33:27,PLC,0,Cmd303,0,0,0,0,0,0,0,0,0,0
2026-05-18 22:33:28,PLC,0,Cmd315,0,0,0,0,0,0,0,0,0,0
2026-05-18 22:33:28,PLC,0,Cmd302,0,0,0,0,0,0,0,0,0,0
2026-05-18 22:33:29,PLC,0,Cmd101,0,0,0,0,0,0,0,0,0,0
2026-05-18 22:33:34,PLC,0,Cmd107,1,0,0,0,0,0,0,0,0,0
2026-05-18 22:33:34,RPD,0,Cmd302,0,0,0,0,0,0,0,0,0,0
2026-05-18 22:33:35,PLC,0,Cmd204,0,0,0,0,0,0,0,0,0,0
2026-05-18 22:33:39,PLC,0,Cmd750,2,2,4,0,0,0,0,0,0,0
2026-05-18 22:33:39,RPD,0,Cmd401,1002,2,4,0,0,0,0,0,0,0
2026-05-18 22:33:39,RPD,0,Cmd422,0,1002,0,0,0,2,4,0,1,0
2026-05-18 22:34:35,PLC,0,Cmd750,2,3,4,0,0,0,0,0,0,0
2026-05-18 22:34:35,RPD,0,Cmd401,1002,3,4,0,0,0,0,0,0,0
2026-05-18 22:34:35,RPD,0,Cmd422,0,1002,0,0,0,3,4,0,1,0
2026-05-18 22:35:06,PLC,0,Cmd421,51,35,16386,0,0,650,1,2,1,139
2026-05-18 22:36:09,PLC,0,Cmd101,0,0,0,0,0,0,0,0,0,0
2026-05-18 22:36:10,PLC,0,Cmd314,0,0,0,0,0,0,0,0,0,0
2026-05-18 22:39:24,PLC,0,Cmd413,0,0,0,0,0,0,0,0,0,0
2026-05-18 22:39:35,PLC,0,Cmd421,0,35,16386,0,0,254,1,2,1,139
2026-05-18 22:42:15,PLC,0,Cmd101,0,0,0,0,0,0,0,0,0,0
2026-05-18 22:42:16,PLC,0,Cmd314,0,0,0,0,0,0,0,0,0,0
2026-05-18 22:42:18,PLC,0,Cmd421,51,5,16385,0,0,221,2,2,1,203
2026-05-18 22:44:22,PLC,0,Cmd101,0,0,0,0,0,0,0,0,0,0
2026-05-18 22:44:23,PLC,0,Cmd314,0,0,0,0,0,0,0,0,0,0
2026-05-18 22:45:54,PLC,0,Cmd413,0,0,0,0,0,0,0,0,0,0
2026-05-18 22:46:04,PLC,0,Cmd421,0,5,16385,0,0,160,2,2,1,203
2026-05-18 22:47:21,PLC,0,Cmd101,0,0,0,0,0,0,0,0,0,0
2026-05-18 22:47:21,PLC,0,Cmd314,0,0,0,0,0,0,0,0,0,0
2026-05-18 22:47:27,PLC,0,Cmd421,53,1,16386,0,0,493,2,0,1,81
2026-05-18 22:48:42,PLC,0,Cmd101,0,0,0,0,0,0,0,0,0,0
2026-05-18 22:48:43,PLC,0,Cmd314,0,0,0,0,0,0,0,0,0,0
2026-05-18 22:49:30,PLC,0,Cmd413,0,0,0,0,0,0,0,0,0,0
2026-05-18 22:49:36,PLC,0,Cmd421,22,19,16386,0,0,650,1,2,1,230
2026-05-18 22:51:48,PLC,0,Cmd101,0,0,0,0,0,0,0,0,0,0
2026-05-18 22:51:49,PLC,0,Cmd314,0,0,0,0,0,0,0,0,0,0
2026-05-18 22:54:25,PLC,0,Cmd413,0,0,0,0,0,0,0,0,0,0
2026-05-18 22:54:34,PLC,0,Cmd421,0,19,16386,0,0,447,1,2,1,230
2026-05-18 22:56:25,PLC,0,Cmd101,0,0,0,0,0,0,0,0,0,0
2026-05-18 22:56:26,PLC,0,Cmd314,0,0,0,0,0,0,0,0,0,0
2026-05-18 22:58:07,PLC,0,Cmd750,2,4,4,0,0,0,0,0,0,0
2026-05-18 22:58:07,RPD,0,Cmd401,1002,4,4,0,0,0,0,0,0,0
2026-05-18 22:58:07,RPD,0,Cmd422,0,1002,0,0,0,4,4,0,1,0
2026-05-18 22:59:41,PLC,0,Cmd750,2,3,4,0,0,0,0,0,0,0
2026-05-18 22:59:41,RPD,0,Cmd401,1002,3,4,0,0,0,0,0,0,0
2026-05-18 22:59:41,RPD,0,Cmd422,0,1002,0,0,0,3,4,0,1,0
2026-05-18 23:02:37,PLC,0,Cmd421,26,137,53248,0,128,50,2,0,1,201
2026-05-18 23:03:14,PLC,0,Cmd101,0,0,0,0,0,0,0,0,0,0
2026-05-18 23:03:15,PLC,0,Cmd314,0,0,0,0,0,0,0,0,0,0
2026-05-18 23:03:20,PLC,0,Cmd413,0,0,0,0,0,0,0,0,0,0
2026-05-18 23:03:49,PLC,0,Cmd421,25,1,16386,0,0,453,1,2,1,24
2026-05-18 23:04:56,PLC,0,Cmd101,0,0,0,0,0,0,0,0,0,0
2026-05-18 23:04:57,PLC,0,Cmd314,0,0,0,0,0,0,0,0,0,0
2026-05-18 23:08:54,PLC,0,Cmd413,0,0,0,0,0,0,0,0,0,0
2026-05-18 23:09:01,PLC,0,Cmd421,0,1,16386,0,0,476,1,2,1,24
2026-05-18 23:10:59,PLC,0,Cmd101,0,0,0,0,0,0,0,0,0,0
2026-05-18 23:10:59,PLC,0,Cmd314,0,0,0,0,0,0,0,0,0,0
2026-05-18 23:11:14,PLC,0,Cmd421,22,6,16385,0,0,650,2,2,1,48
2026-05-18 23:13:07,PLC,0,Cmd101,0,0,0,0,0,0,0,0,0,0
2026-05-18 23:13:07,PLC,0,Cmd314,0,0,0,0,0,0,0,0,0,0
2026-05-18 23:13:48,PLC,0,Cmd413,0,0,0,0,0,0,0,0,0,0
2026-05-18 23:13:55,PLC,0,Cmd421,0,6,16385,0,0,305,2,2,1,48
2026-05-18 23:15:44,PLC,0,Cmd101,0,0,0,0,0,0,0,0,0,0
2026-05-18 23:15:44,PLC,0,Cmd314,0,0,0,0,0,0,0,0,0,0
2026-05-18 23:16:15,PLC,0,Cmd421,22,35,16386,0,0,650,1,2,1,29
2026-05-18 23:18:00,PLC,0,Cmd101,0,0,0,0,0,0,0,0,0,0
2026-05-18 23:18:01,PLC,0,Cmd314,0,0,0,0,0,0,0,0,0,0
2026-05-18 23:20:58,PLC,0,Cmd413,0,0,0,0,0,0,0,0,0,0
2026-05-18 23:21:05,PLC,0,Cmd421,0,35,16386,0,0,352,1,2,1,29
2026-05-18 23:22:56,PLC,0,Cmd101,0,0,0,0,0,0,0,0,0,0
2026-05-18 23:22:57,PLC,0,Cmd314,0,0,0,0,0,0,0,0,0,0
2026-05-18 23:23:25,PLC,0,Cmd421,26,112,49152,1983,17150,390,2,0,1,231
2026-05-18 23:25:29,PLC,0,Cmd101,0,0,0,0,0,0,0,0,0,0
2026-05-18 23:25:30,PLC,0,Cmd314,0,0,0,0,0,0,0,0,0,0
2026-05-18 23:25:34,PLC,0,Cmd101,0,0,0,0,0,0,0,0,0,0
2026-05-18 23:25:35,PLC,0,Cmd107,0,0,0,0,0,0,0,0,0,0
2026-05-18 23:25:35,RPD,0,Cmd302,0,0,0,0,0,0,0,0,0,0
2026-05-18 23:25:45,PLC,0,Cmd413,0,0,0,0,0,0,0,0,0,0
2026-05-18 23:28:04,PLC,0,Cmd421,25,1,16448,0,0,453,2,2,1,168
2026-05-18 23:30:56,PLC,0,Cmd101,0,0,0,0,0,0,0,0,0,0
2026-05-18 23:30:56,PLC,0,Cmd314,0,0,0,0,0,0,0,0,0,0
2026-05-18 23:31:02,PLC,0,Cmd413,0,0,0,0,0,0,0,0,0,0
2026-05-18 23:31:10,PLC,0,Cmd421,0,1,16448,0,0,476,2,2,1,168
2026-05-18 23:33:08,PLC,0,Cmd101,0,0,0,0,0,0,0,0,0,0
2026-05-18 23:33:08,PLC,0,Cmd314,0,0,0,0,0,0,0,0,0,0
2026-05-18 23:33:22,PLC,0,Cmd421,56,20,49152,1534,254,253,1,0,1,111
2026-05-18 23:35:04,PLC,0,Cmd101,0,0,0,0,0,0,0,0,0,0
2026-05-18 23:35:05,PLC,0,Cmd314,0,0,0,0,0,0,0,0,0,0
2026-05-18 23:35:52,PLC,0,Cmd413,0,0,0,0,0,0,0,0,0,0
2026-05-18 23:36:01,PLC,0,Cmd421,51,20,16448,0,0,229,1,2,1,152
2026-05-18 23:39:30,PLC,0,Cmd101,0,0,0,0,0,0,0,0,0,0
2026-05-18 23:39:31,PLC,0,Cmd314,0,0,0,0,0,0,0,0,0,0
2026-05-18 23:39:46,PLC,0,Cmd413,0,0,0,0,0,0,0,0,0,0
2026-05-18 23:39:58,PLC,0,Cmd421,0,20,16448,0,0,186,1,2,1,152
2026-05-18 23:42:25,PLC,0,Cmd101,0,0,0,0,0,0,0,0,0,0
2026-05-18 23:42:26,PLC,0,Cmd107,0,0,0,0,0,0,0,0,0,0
2026-05-18 23:42:26,RPD,0,Cmd302,0,0,0,0,0,0,0,0,0,0
2026-05-18 23:42:48,PLC,0,Cmd101,0,0,0,0,0,0,0,0,0,0
2026-05-18 23:42:49,PLC,0,Cmd107,0,0,0,0,0,0,0,0,0,0
2026-05-18 23:42:49,RPD,0,Cmd302,0,0,0,0,0,0,0,0,0,0
2026-05-18 23:42:59,PLC,0,Cmd102,0,0,0,0,0,0,0,0,0,0
2026-05-18 23:43:12,PLC,0,Cmd315,0,0,0,0,0,0,0,0,0,0
2026-05-18 23:43:12,PLC,0,Cmd303,0,0,0,0,0,0,0,0,0,0
2026-05-18 23:43:14,PLC,0,Cmd101,0,0,0,0,0,0,0,0,0,0
2026-05-18 23:43:15,PLC,0,Cmd107,0,0,0,0,0,0,0,0,0,0
2026-05-18 23:43:30,PLC,0,Cmd102,0,0,0,0,0,0,0,0,0,0
2026-05-18 23:43:51,PLC,0,Cmd101,0,0,0,0,0,0,0,0,0,0
2026-05-18 23:43:57,PLC,0,Cmd101,0,0,0,0,0,0,0,0,0,0
2026-05-18 23:44:00,PLC,0,Cmd101,0,0,0,0,0,0,0,0,0,0
2026-05-18 23:44:01,PLC,0,Cmd107,0,0,0,0,0,0,0,0,0,0
2026-05-18 23:44:11,PLC,0,Cmd101,0,0,0,0,0,0,0,0,0,0
2026-05-18 23:44:16,PLC,0,Cmd302,0,0,0,0,0,0,0,0,0,0
2026-05-18 23:44:16,PLC,0,Cmd314,0,0,0,0,0,0,0,0,0,0
2026-05-18 23:44:57,PLC,0,Cmd421,25,1,16386,0,0,453,1,2,1,167
2026-05-18 23:46:19,PLC,0,Cmd101,0,0,0,0,0,0,0,0,0,0
2026-05-18 23:46:19,PLC,0,Cmd314,0,0,0,0,0,0,0,0,0,0
2026-05-18 23:46:25,PLC,0,Cmd413,0,0,0,0,0,0,0,0,0,0
2026-05-18 23:46:33,PLC,0,Cmd421,0,1,16386,0,0,477,1,2,1,167
2026-05-18 23:48:31,PLC,0,Cmd101,0,0,0,0,0,0,0,0,0,0
2026-05-18 23:48:32,PLC,0,Cmd314,0,0,0,0,0,0,0,0,0,0
2026-05-18 23:48:46,PLC,0,Cmd421,51,65,16386,0,0,650,2,2,1,4
2026-05-18 23:50:31,PLC,0,Cmd101,0,0,0,0,0,0,0,0,0,0
2026-05-18 23:50:31,PLC,0,Cmd314,0,0,0,0,0,0,0,0,0,0
2026-05-18 23:50:43,PLC,0,Cmd413,0,0,0,0,0,0,0,0,0,0
2026-05-18 23:50:55,PLC,0,Cmd421,0,65,16386,0,0,247,2,2,1,4
2026-05-18 23:53:35,PLC,0,Cmd101,0,0,0,0,0,0,0,0,0,0
2026-05-18 23:53:35,PLC,0,Cmd314,0,0,0,0,0,0,0,0,0,0
2026-05-18 23:53:38,PLC,0,Cmd421,56,34,49152,15166,830,379,1,0,1,157
2026-05-18 23:55:41,PLC,0,Cmd101,0,0,0,0,0,0,0,0,0,0
2026-05-18 23:55:42,PLC,0,Cmd314,0,0,0,0,0,0,0,0,0,0
2026-05-18 23:55:48,PLC,0,Cmd413,0,0,0,0,0,0,0,0,0,0
2026-05-18 23:59:29,PLC,0,Cmd750,2,4,4,0,0,0,0,0,0,0
2026-05-18 23:59:29,RPD,0,Cmd401,1002,4,4,0,0,0,0,0,0,0
2026-05-18 23:59:29,RPD,0,Cmd422,0,1002,0,0,0,4,4,0,1,0
