2026-05-13 19:57:42,PLC,0,Cmd1,0,0,0,0,0,0,0,0,0,0
2026-05-13 19:57:42,PLC,0,Cmd101,0,0,0,0,0,0,0,0,0,0
2026-05-13 19:57:43,PLC,0,Cmd101,0,0,0,0,0,0,0,0,0,0
2026-05-13 19:57:44,PLC,0,Cmd302,0,0,0,0,0,0,0,0,0,0
2026-05-13 19:57:45,PLC,0,Cmd101,0,0,0,0,0,0,0,0,0,0
2026-05-13 19:57:47,PLC,0,Cmd107,0,0,0,0,0,0,0,0,0,0
2026-05-13 19:57:47,RPD,0,Cmd302,0,0,0,0,0,0,0,0,0,0
2026-05-13 20:06:39,PLC,0,Cmd111,0,0,0,0,0,0,0,0,0,0
2026-05-13 20:06:40,PLC,0,Cmd303,0,0,0,0,0,0,0,0,0,0
2026-05-13 20:06:40,PLC,0,Cmd140,0,0,0,0,0,0,0,0,0,0
2026-05-13 20:08:16,PLC,0,Cmd141,0,0,0,0,0,0,0,0,0,0
2026-05-13 20:08:16,PLC,0,Cmd106,0,0,0,0,0,0,0,0,0,0
2026-05-13 20:08:17,PLC,0,Cmd101,0,0,0,0,0,0,0,0,0,0
2026-05-13 20:08:18,PLC,0,Cmd1,0,0,0,0,0,0,0,0,0,0
2026-05-13 20:08:20,PLC,0,Cmd302,0,0,0,0,0,0,0,0,0,0
2026-05-13 20:08:21,PLC,0,Cmd101,0,0,0,0,0,0,0,0,0,0
2026-05-13 20:08:53,PLC,0,Cmd107,0,0,0,0,0,0,0,0,0,0
2026-05-13 20:08:53,RPD,0,Cmd302,0,0,0,0,0,0,0,0,0,0
2026-05-13 20:20:54,PLC,0,Cmd421,26,0,49152,1333,650,0,0,0,1,240
2026-05-13 20:21:06,PLC,0,Cmd413,0,0,0,0,0,0,0,0,0,0
2026-05-13 20:23:50,PLC,0,Cmd405,10004,0,0,0,0,0,0,0,0,0
2026-05-13 20:29:37,PLC,0,Cmd421,22,0,16386,0,0,0,0,0,1,49
2026-05-13 20:29:41,PLC,0,Cmd413,0,0,0,0,0,0,0,0,0,0
2026-05-13 20:33:15,PLC,0,Cmd405,10004,0,0,0,0,0,0,0,0,0
2026-05-13 20:34:04,PLC,0,Cmd102,0,0,0,0,0,0,0,0,0,0
2026-05-13 20:34:05,PLC,0,Cmd111,0,0,0,0,0,0,0,0,0,0
2026-05-13 20:34:06,PLC,0,Cmd140,0,0,0,0,0,0,0,0,0,0
2026-05-13 20:39:16,PLC,0,Cmd141,0,0,0,0,0,0,0,0,0,0
2026-05-13 20:39:17,PLC,0,Cmd106,0,0,0,0,0,0,0,0,0,0
2026-05-13 20:39:18,PLC,0,Cmd1,0,0,0,0,0,0,0,0,0,0
2026-05-13 20:39:19,PLC,0,Cmd101,0,0,0,0,0,0,0,0,0,0
2026-05-13 20:39:19,PLC,0,Cmd302,0,0,0,0,0,0,0,0,0,0
2026-05-13 20:39:20,PLC,0,Cmd101,0,0,0,0,0,0,0,0,0,0
2026-05-13 20:39:22,PLC,0,Cmd107,0,0,0,0,0,0,0,0,0,0
2026-05-13 20:39:22,RPD,0,Cmd302,0,0,0,0,0,0,0,0,0,0
2026-05-13 20:50:02,PLC,0,Cmd421,22,0,16386,0,0,0,0,0,1,150
2026-05-13 20:50:15,PLC,0,Cmd413,0,0,0,0,0,0,0,0,0,0
2026-05-13 20:53:49,PLC,0,Cmd405,10004,0,0,0,0,0,0,0,0,0
2026-05-13 21:04:28,PLC,0,Cmd421,50,68,24578,0,0,0,0,2001,1,158
2026-05-13 21:04:40,PLC,0,Cmd413,0,0,0,0,0,0,0,0,0,0
2026-05-13 21:05:24,PLC,0,Cmd421,51,68,24578,0,0,0,0,2001,1,158
2026-05-13 21:05:28,PLC,0,Cmd413,0,0,0,0,0,0,0,0,0,0
2026-05-13 21:07:53,PLC,0,Cmd405,10004,0,0,0,0,0,0,0,0,0
2026-05-13 21:08:57,PLC,0,Cmd421,26,0,49152,32,648,0,0,0,1,169
2026-05-13 21:09:10,PLC,0,Cmd413,0,0,0,0,0,0,0,0,0,0
2026-05-13 21:11:08,PLC,0,Cmd405,10004,0,0,0,0,0,0,0,0,0
2026-05-13 21:17:50,PLC,0,Cmd421,56,11,49152,1535,255,0,0,2002,1,110
2026-05-13 21:18:02,PLC,0,Cmd413,0,0,0,0,0,0,0,0,0,0
2026-05-13 21:20:15,PLC,0,Cmd405,10004,0,0,0,0,0,0,0,0,0
2026-05-13 21:25:18,PLC,0,Cmd421,50,11,24578,0,0,0,0,2002,1,96
2026-05-13 21:25:22,PLC,0,Cmd413,0,0,0,0,0,0,0,0,0,0
2026-05-13 21:26:06,PLC,0,Cmd421,51,11,24578,0,0,0,0,2002,1,96
2026-05-13 21:26:10,PLC,0,Cmd413,0,0,0,0,0,0,0,0,0,0
2026-05-13 21:28:34,PLC,0,Cmd405,10004,0,0,0,0,0,0,0,0,0
2026-05-13 21:29:18,PLC,0,Cmd421,26,0,49152,309,652,0,0,0,1,197
2026-05-13 21:29:33,PLC,0,Cmd413,0,0,0,0,0,0,0,0,0,0
2026-05-13 21:31:55,PLC,0,Cmd405,10004,0,0,0,0,0,0,0,0,0
2026-05-13 21:34:08,PLC,0,Cmd421,22,0,16386,0,0,0,0,0,1,133
2026-05-13 21:34:12,PLC,0,Cmd413,0,0,0,0,0,0,0,0,0,0
2026-05-13 21:37:46,PLC,0,Cmd405,10004,0,0,0,0,0,0,0,0,0
2026-05-13 21:48:35,PLC,0,Cmd421,26,0,49152,1313,648,0,0,0,1,253
2026-05-13 21:48:48,PLC,0,Cmd413,0,0,0,0,0,0,0,0,0,0
2026-05-13 21:51:20,PLC,0,Cmd405,10004,0,0,0,0,0,0,0,0,0
2026-05-13 22:35:15,PLC,0,Cmd102,0,0,0,0,0,0,0,0,0,0
2026-05-13 22:41:02,PLC,0,Cmd101,0,0,0,0,0,0,0,0,0,0
2026-05-13 22:41:03,PLC,0,Cmd101,0,0,0,0,0,0,0,0,0,0
2026-05-13 22:41:05,PLC,0,Cmd107,0,0,0,0,0,0,0,0,0,0
2026-05-13 22:41:05,RPD,0,Cmd302,0,0,0,0,0,0,0,0,0,0
2026-05-13 22:44:15,PLC,0,Cmd421,26,0,49152,1024,8,0,0,0,1,101
2026-05-13 22:44:28,PLC,0,Cmd413,0,0,0,0,0,0,0,0,0,0
2026-05-13 22:45:59,PLC,0,Cmd405,10004,0,0,0,0,0,0,0,0,0
2026-05-13 22:54:15,PLC,0,Cmd421,50,9,28674,0,0,0,0,2001,1,160
2026-05-13 22:54:17,PLC,0,Cmd303,0,0,0,0,0,0,0,0,0,0
2026-05-13 22:54:25,PLC,0,Cmd140,0,0,0,0,0,0,0,0,0,0
2026-05-13 22:54:37,PLC,0,Cmd141,0,0,0,0,0,0,0,0,0,0
2026-05-13 22:54:37,PLC,0,Cmd106,0,0,0,0,0,0,0,0,0,0
2026-05-13 22:54:38,PLC,0,Cmd1,0,0,0,0,0,0,0,0,0,0
2026-05-13 22:54:40,PLC,0,Cmd101,0,0,0,0,0,0,0,0,0,0
2026-05-13 22:54:41,PLC,0,Cmd101,0,0,0,0,0,0,0,0,0,0
2026-05-13 22:54:48,PLC,0,Cmd302,0,0,0,0,0,0,0,0,0,0
2026-05-13 22:54:49,PLC,0,Cmd101,0,0,0,0,0,0,0,0,0,0
2026-05-13 22:54:52,PLC,0,Cmd101,0,0,0,0,0,0,0,0,0,0
2026-05-13 22:54:54,PLC,0,Cmd101,0,0,0,0,0,0,0,0,0,0
2026-05-13 22:54:57,PLC,0,Cmd101,0,0,0,0,0,0,0,0,0,0
2026-05-13 22:55:00,PLC,0,Cmd101,0,0,0,0,0,0,0,0,0,0
2026-05-13 22:55:04,PLC,0,Cmd101,0,0,0,0,0,0,0,0,0,0
2026-05-13 22:55:08,PLC,0,Cmd101,0,0,0,0,0,0,0,0,0,0
2026-05-13 22:55:10,PLC,0,Cmd303,0,0,0,0,0,0,0,0,0,0
2026-05-13 22:55:14,PLC,0,Cmd140,0,0,0,0,0,0,0,0,0,0
2026-05-13 22:55:15,PLC,0,Cmd141,0,0,0,0,0,0,0,0,0,0
2026-05-13 22:55:15,PLC,0,Cmd106,0,0,0,0,0,0,0,0,0,0
2026-05-13 22:55:16,PLC,0,Cmd101,0,0,0,0,0,0,0,0,0,0
2026-05-13 22:55:17,PLC,0,Cmd1,0,0,0,0,0,0,0,0,0,0
2026-05-13 22:55:18,PLC,0,Cmd101,0,0,0,0,0,0,0,0,0,0
2026-05-13 22:55:19,PLC,0,Cmd101,0,0,0,0,0,0,0,0,0,0
2026-05-13 22:55:24,PLC,0,Cmd302,0,0,0,0,0,0,0,0,0,0
2026-05-13 22:55:26,PLC,0,Cmd101,0,0,0,0,0,0,0,0,0,0
2026-05-13 22:55:29,PLC,0,Cmd101,0,0,0,0,0,0,0,0,0,0
2026-05-13 22:55:44,PLC,0,Cmd303,0,0,0,0,0,0,0,0,0,0
2026-05-13 22:55:45,PLC,0,Cmd102,0,0,0,0,0,0,0,0,0,0
2026-05-13 22:55:45,PLC,0,Cmd2,0,0,0,0,0,0,0,0,0,0
2026-05-13 22:56:34,RA2,0,Cmd107,2,0,0,0,0,0,0,0,0,0
2026-05-13 22:56:34,RPD,0,Cmd400,10001,0,0,0,0,0,0,0,0,0
2026-05-13 22:56:43,PLC,0,Cmd101,0,0,0,0,0,0,0,0,0,0
2026-05-13 22:56:50,PLC,0,Cmd1,0,0,0,0,0,0,0,0,0,0
2026-05-13 22:56:54,PLC,0,Cmd303,0,0,0,0,0,0,0,0,0,0
2026-05-13 22:56:54,PLC,0,Cmd102,0,0,0,0,0,0,0,0,0,0
2026-05-13 22:56:55,PLC,0,Cmd101,0,0,0,0,0,0,0,0,0,0
2026-05-13 22:56:56,PLC,0,Cmd302,0,0,0,0,0,0,0,0,0,0
2026-05-13 22:56:56,PLC,0,Cmd203,0,0,0,0,0,0,0,0,0,0
2026-05-13 22:56:57,PLC,0,Cmd107,0,0,0,0,0,0,0,0,0,0
2026-05-13 22:56:57,RPD,0,Cmd302,0,0,0,0,0,0,0,0,0,0
2026-05-13 22:57:19,PLC,0,Cmd101,0,0,0,0,0,0,0,0,0,0
2026-05-13 22:59:00,PLC,0,Cmd107,1,0,0,0,0,0,0,0,0,0
2026-05-13 22:59:00,RPD,0,Cmd302,0,0,0,0,0,0,0,0,0,0
2026-05-13 22:59:20,PLC,0,Cmd421,50,9,28674,0,0,0,0,2001,1,160
2026-05-13 22:59:46,PLC,0,Cmd101,0,0,0,0,0,0,0,0,0,0
2026-05-13 22:59:47,PLC,0,Cmd101,0,0,0,0,0,0,0,0,0,0
2026-05-13 22:59:47,PLC,0,Cmd203,0,0,0,0,0,0,0,0,0,0
2026-05-13 22:59:49,PLC,0,Cmd107,0,0,0,0,0,0,0,0,0,0
2026-05-13 22:59:49,RPD,0,Cmd302,0,0,0,0,0,0,0,0,0,0
2026-05-13 22:59:49,PLC,0,Cmd101,0,0,0,0,0,0,0,0,0,0
2026-05-13 22:59:50,PLC,0,Cmd101,0,0,0,0,0,0,0,0,0,0
2026-05-13 22:59:52,PLC,0,Cmd101,0,0,0,0,0,0,0,0,0,0
2026-05-13 22:59:54,PLC,0,Cmd101,0,0,0,0,0,0,0,0,0,0
2026-05-13 22:59:55,PLC,0,Cmd203,0,0,0,0,0,0,0,0,0,0
2026-05-13 22:59:56,PLC,0,Cmd107,0,0,0,0,0,0,0,0,0,0
2026-05-13 22:59:56,RPD,0,Cmd302,0,0,0,0,0,0,0,0,0,0
2026-05-13 22:59:57,PLC,0,Cmd101,0,0,0,0,0,0,0,0,0,0
2026-05-13 22:59:59,PLC,0,Cmd101,0,0,0,0,0,0,0,0,0,0
2026-05-13 23:00:00,PLC,0,Cmd203,0,0,0,0,0,0,0,0,0,0
2026-05-13 23:00:00,PLC,0,Cmd107,0,0,0,0,0,0,0,0,0,0
2026-05-13 23:00:00,RPD,0,Cmd302,0,0,0,0,0,0,0,0,0,0
2026-05-13 23:00:23,PLC,0,Cmd101,0,0,0,0,0,0,0,0,0,0
2026-05-13 23:00:24,PLC,0,Cmd101,0,0,0,0,0,0,0,0,0,0
2026-05-13 23:00:26,PLC,0,Cmd203,0,0,0,0,0,0,0,0,0,0
2026-05-13 23:00:27,PLC,0,Cmd107,0,0,0,0,0,0,0,0,0,0
2026-05-13 23:00:27,RPD,0,Cmd302,0,0,0,0,0,0,0,0,0,0
2026-05-13 23:00:46,PLC,0,Cmd107,1,0,0,0,0,0,0,0,0,0
2026-05-13 23:00:46,RPD,0,Cmd302,0,0,0,0,0,0,0,0,0,0
2026-05-13 23:00:48,PLC,0,Cmd101,0,0,0,0,0,0,0,0,0,0
2026-05-13 23:00:49,PLC,0,Cmd203,0,0,0,0,0,0,0,0,0,0
2026-05-13 23:00:50,PLC,0,Cmd107,0,0,0,0,0,0,0,0,0,0
2026-05-13 23:00:50,RPD,0,Cmd302,0,0,0,0,0,0,0,0,0,0
2026-05-13 23:00:52,PLC,0,Cmd107,1,0,0,0,0,0,0,0,0,0
2026-05-13 23:00:52,RPD,0,Cmd302,0,0,0,0,0,0,0,0,0,0
2026-05-13 23:00:57,PLC,0,Cmd111,0,0,0,0,0,0,0,0,0,0
2026-05-13 23:00:57,PLC,0,Cmd303,0,0,0,0,0,0,0,0,0,0
2026-05-13 23:00:58,PLC,0,Cmd102,0,0,0,0,0,0,0,0,0,0
2026-05-13 23:00:58,PLC,0,Cmd2,0,0,0,0,0,0,0,0,0,0
2026-05-13 23:02:39,RA2,0,Cmd103,0,0,0,0,0,0,0,0,0,0
2026-05-13 23:02:42,RA2,0,Cmd401,0,1,1,0,0,0,0,0,0,0
2026-05-13 23:02:42,RPD,0,Cmd422,0,999,0,0,0,1,1,0,1,0
2026-05-13 23:03:01,RA2,0,Cmd302,0,0,0,0,0,0,0,0,0,0
2026-05-13 23:03:06,RA2,0,Cmd401,0,1,1,0,0,0,0,0,0,0
2026-05-13 23:03:06,RPD,0,Cmd422,0,999,0,0,0,1,1,0,1,0
2026-05-13 23:03:18,RA2,0,Cmd401,0,1,2,0,0,0,0,0,0,0
2026-05-13 23:03:18,RPD,0,Cmd422,0,999,0,0,0,1,2,0,1,0
2026-05-13 23:03:24,RA2,0,Cmd401,0,1,3,0,0,0,0,0,0,0
2026-05-13 23:03:24,RPD,-1,Cmd422,0,999,0,0,0,1,3,0,1,0
2026-05-13 23:03:59,PLC,0,Cmd101,0,0,0,0,0,0,0,0,0,0
2026-05-13 23:04:12,PLC,0,Cmd1,0,0,0,0,0,0,0,0,0,0
2026-05-13 23:04:18,PLC,0,Cmd302,0,0,0,0,0,0,0,0,0,0
2026-05-13 23:04:21,PLC,0,Cmd101,0,0,0,0,0,0,0,0,0,0
2026-05-13 23:04:22,PLC,0,Cmd101,0,0,0,0,0,0,0,0,0,0
2026-05-13 23:04:32,PLC,0,Cmd421,50,9,28674,0,0,0,0,2001,1,160
2026-05-13 23:05:15,PLC,0,Cmd101,0,0,0,0,0,0,0,0,0,0
2026-05-13 23:05:16,PLC,0,Cmd101,0,0,0,0,0,0,0,0,0,0
2026-05-13 23:05:17,PLC,0,Cmd101,0,0,0,0,0,0,0,0,0,0
2026-05-13 23:05:19,PLC,0,Cmd101,0,0,0,0,0,0,0,0,0,0
2026-05-13 23:05:19,PLC,0,Cmd203,0,0,0,0,0,0,0,0,0,0
2026-05-13 23:05:20,PLC,0,Cmd107,0,0,0,0,0,0,0,0,0,0
2026-05-13 23:05:20,RPD,0,Cmd302,0,0,0,0,0,0,0,0,0,0
2026-05-13 23:05:29,PLC,0,Cmd303,0,0,0,0,0,0,0,0,0,0
2026-05-13 23:05:29,PLC,0,Cmd302,0,0,0,0,0,0,0,0,0,0
2026-05-13 23:05:30,PLC,0,Cmd101,0,0,0,0,0,0,0,0,0,0
2026-05-13 23:05:31,PLC,0,Cmd203,0,0,0,0,0,0,0,0,0,0
2026-05-13 23:05:32,PLC,0,Cmd107,0,0,0,0,0,0,0,0,0,0
2026-05-13 23:05:32,RPD,0,Cmd302,0,0,0,0,0,0,0,0,0,0
2026-05-13 23:05:37,PLC,0,Cmd111,0,0,0,0,0,0,0,0,0,0
2026-05-13 23:05:38,PLC,0,Cmd303,0,0,0,0,0,0,0,0,0,0
2026-05-13 23:05:38,PLC,0,Cmd102,0,0,0,0,0,0,0,0,0,0
2026-05-13 23:05:38,PLC,0,Cmd2,0,0,0,0,0,0,0,0,0,0
2026-05-13 23:06:28,RA2,0,Cmd107,2,0,0,0,0,0,0,0,0,0
2026-05-13 23:06:28,RPD,0,Cmd400,10001,0,0,0,0,0,0,0,0,0
2026-05-13 23:07:07,RA2,0,Cmd401,0,1,2,0,0,0,0,0,0,0
2026-05-13 23:07:07,RPD,0,Cmd422,0,999,0,0,0,1,2,0,1,0
2026-05-13 23:07:11,RA2,0,Cmd401,0,1,3,0,0,0,0,0,0,0
2026-05-13 23:07:11,RPD,-1,Cmd422,0,999,0,0,0,1,3,0,1,0
2026-05-13 23:07:17,RA2,0,Cmd302,0,0,0,0,0,0,0,0,0,0
2026-05-13 23:07:18,RA2,0,Cmd302,0,0,0,0,0,0,0,0,0,0
2026-05-13 23:07:19,RA2,0,Cmd302,0,0,0,0,0,0,0,0,0,0
2026-05-13 23:07:21,RA2,0,Cmd101,0,0,0,0,0,0,0,0,0,0
2026-05-13 23:07:23,RA2,0,Cmd101,0,0,0,0,0,0,0,0,0,0
2026-05-13 23:07:29,PLC,0,Cmd101,0,0,0,0,0,0,0,0,0,0
2026-05-13 23:07:30,PLC,0,Cmd101,0,0,0,0,0,0,0,0,0,0
2026-05-13 23:07:35,RA2,0,Cmd302,0,0,0,0,0,0,0,0,0,0
2026-05-13 23:08:04,PLC,0,Cmd101,0,0,0,0,0,0,0,0,0,0
2026-05-13 23:08:18,RA2,0,Cmd302,0,0,0,0,0,0,0,0,0,0
2026-05-13 23:08:19,RA2,0,Cmd302,0,0,0,0,0,0,0,0,0,0
2026-05-13 23:08:19,RA2,0,Cmd302,0,0,0,0,0,0,0,0,0,0
2026-05-13 23:08:19,RA2,0,Cmd302,0,0,0,0,0,0,0,0,0,0
2026-05-13 23:08:20,RA2,0,Cmd302,0,0,0,0,0,0,0,0,0,0
2026-05-13 23:08:20,RA2,0,Cmd302,0,0,0,0,0,0,0,0,0,0
2026-05-13 23:08:20,RA2,0,Cmd101,0,0,0,0,0,0,0,0,0,0
2026-05-13 23:08:21,RA2,0,Cmd101,0,0,0,0,0,0,0,0,0,0
2026-05-13 23:08:22,RA2,0,Cmd101,0,0,0,0,0,0,0,0,0,0
2026-05-13 23:09:44,RA2,0,Cmd416,0,0,0,0,0,0,0,0,0,0
2026-05-13 23:09:50,RA2,0,Cmd102,0,0,0,0,0,0,0,0,0,0
2026-05-13 23:09:52,RA2,0,Cmd107,2,0,0,0,0,0,0,0,0,0
2026-05-13 23:09:52,RPD,0,Cmd302,0,0,0,0,0,0,0,0,0,0
2026-05-13 23:09:52,RPD,0,Cmd400,10001,0,0,0,0,0,0,0,0,0
2026-05-13 23:09:58,RA2,0,Cmd401,0,1,2,0,0,0,0,0,0,0
2026-05-13 23:09:58,RPD,0,Cmd422,0,999,0,0,0,1,2,0,1,0
2026-05-13 23:10:00,RA2,0,Cmd401,0,1,3,0,0,0,0,0,0,0
2026-05-13 23:10:00,RPD,0,Cmd422,0,999,0,0,0,1,3,0,1,0
2026-05-13 23:10:52,PLC,0,Cmd1,0,0,0,0,0,0,0,0,0,0
2026-05-13 23:10:54,PLC,0,Cmd101,0,0,0,0,0,0,0,0,0,0
2026-05-13 23:11:58,PLC,0,Cmd303,0,0,0,0,0,0,0,0,0,0
2026-05-13 23:11:58,PLC,0,Cmd102,0,0,0,0,0,0,0,0,0,0
2026-05-13 23:11:59,PLC,0,Cmd302,0,0,0,0,0,0,0,0,0,0
2026-05-13 23:11:59,PLC,0,Cmd101,0,0,0,0,0,0,0,0,0,0
2026-05-13 23:12:01,PLC,0,Cmd107,0,0,0,0,0,0,0,0,0,0
2026-05-13 23:12:01,RPD,0,Cmd302,0,0,0,0,0,0,0,0,0,0
2026-05-13 23:14:29,PLC,0,Cmd107,1,0,0,0,0,0,0,0,0,0
2026-05-13 23:14:29,RPD,0,Cmd302,0,0,0,0,0,0,0,0,0,0
2026-05-13 23:14:33,PLC,0,Cmd101,0,0,0,0,0,0,0,0,0,0
2026-05-13 23:14:45,PLC,0,Cmd421,56,25,49152,1535,255,0,0,2002,1,46
2026-05-13 23:14:59,PLC,0,Cmd413,0,0,0,0,0,0,0,0,0,0
2026-05-13 23:17:04,PLC,0,Cmd303,0,0,0,0,0,0,0,0,0,0
2026-05-13 23:17:05,PLC,0,Cmd302,0,0,0,0,0,0,0,0,0,0
2026-05-13 23:17:06,PLC,0,Cmd101,0,0,0,0,0,0,0,0,0,0
2026-05-13 23:18:34,PLC,0,Cmd421,50,25,24578,0,0,0,0,2002,1,223
2026-05-13 23:18:38,PLC,0,Cmd413,0,0,0,0,0,0,0,0,0,0
2026-05-13 23:19:22,PLC,0,Cmd421,51,25,24578,0,0,0,0,2002,1,223
2026-05-13 23:19:26,PLC,0,Cmd413,0,0,0,0,0,0,0,0,0,0
2026-05-13 23:21:51,PLC,0,Cmd405,10004,0,0,0,0,0,0,0,0,0
2026-05-13 23:23:48,PLC,0,Cmd102,0,0,0,0,0,0,0,0,0,0
2026-05-13 23:23:49,PLC,0,Cmd111,0,0,0,0,0,0,0,0,0,0
2026-05-13 23:23:50,PLC,0,Cmd303,0,0,0,0,0,0,0,0,0,0
2026-05-13 23:23:50,PLC,0,Cmd140,0,0,0,0,0,0,0,0,0,0
2026-05-13 23:27:26,PLC,0,Cmd141,0,0,0,0,0,0,0,0,0,0
2026-05-13 23:27:27,PLC,0,Cmd101,0,0,0,0,0,0,0,0,0,0
2026-05-13 23:27:27,PLC,0,Cmd106,0,0,0,0,0,0,0,0,0,0
2026-05-13 23:27:28,PLC,0,Cmd1,0,0,0,0,0,0,0,0,0,0
2026-05-13 23:27:29,PLC,0,Cmd101,0,0,0,0,0,0,0,0,0,0
2026-05-13 23:27:29,PLC,0,Cmd302,0,0,0,0,0,0,0,0,0,0
2026-05-13 23:27:31,PLC,0,Cmd107,0,0,0,0,0,0,0,0,0,0
2026-05-13 23:27:31,RPD,0,Cmd302,0,0,0,0,0,0,0,0,0,0
2026-05-13 23:32:00,PLC,0,Cmd421,22,0,16448,0,0,0,0,0,1,245
2026-05-13 23:32:13,PLC,0,Cmd413,0,0,0,0,0,0,0,0,0,0
2026-05-13 23:35:47,PLC,0,Cmd405,10004,0,0,0,0,0,0,0,0,0
2026-05-13 23:55:02,PLC,0,Cmd303,0,0,0,0,0,0,0,0,0,0
2026-05-13 23:58:00,PLC,0,Cmd101,0,0,0,0,0,0,0,0,0,0
2026-05-13 23:58:01,PLC,0,Cmd302,0,0,0,0,0,0,0,0,0,0
2026-05-13 23:58:02,PLC,0,Cmd101,0,0,0,0,0,0,0,0,0,0
2026-05-13 23:58:03,PLC,0,Cmd101,0,0,0,0,0,0,0,0,0,0
2026-05-13 23:58:05,PLC,0,Cmd107,0,0,0,0,0,0,0,0,0,0
2026-05-13 23:58:05,RPD,0,Cmd302,0,0,0,0,0,0,0,0,0,0
2026-05-14 00:01:38,PLC,0,Cmd421,22,0,16448,0,0,0,0,0,1,56
2026-05-14 00:01:50,PLC,0,Cmd413,0,0,0,0,0,0,0,0,0,0
2026-05-14 00:05:25,PLC,0,Cmd405,10004,0,0,0,0,0,0,0,0,0
2026-05-14 00:06:52,PLC,0,Cmd421,50,16,24577,0,0,0,0,2001,1,207
2026-05-14 00:07:05,PLC,0,Cmd413,0,0,0,0,0,0,0,0,0,0
2026-05-14 00:07:48,PLC,0,Cmd421,51,16,24577,0,0,0,0,2001,1,207
2026-05-14 00:07:52,PLC,0,Cmd413,0,0,0,0,0,0,0,0,0,0
2026-05-14 00:09:57,PLC,0,Cmd405,10004,0,0,0,0,0,0,0,0,0
2026-05-14 00:16:17,PLC,0,Cmd421,26,0,49152,52,650,0,0,0,1,192
2026-05-14 00:16:29,PLC,0,Cmd413,0,0,0,0,0,0,0,0,0,0
2026-05-14 00:18:37,PLC,0,Cmd405,10004,0,0,0,0,0,0,0,0,0
2026-05-14 00:22:19,PLC,0,Cmd421,22,0,16385,0,0,0,0,0,1,14
2026-05-14 00:22:32,PLC,0,Cmd413,0,0,0,0,0,0,0,0,0,0
2026-05-14 00:26:06,PLC,0,Cmd405,10004,0,0,0,0,0,0,0,0,0
2026-05-14 00:38:52,PLC,0,Cmd421,22,0,16386,0,0,0,0,0,1,163
2026-05-14 00:39:04,PLC,0,Cmd413,0,0,0,0,0,0,0,0,0,0
2026-05-14 00:42:38,PLC,0,Cmd405,10004,0,0,0,0,0,0,0,0,0
2026-05-14 00:52:29,PLC,0,Cmd421,26,0,49152,1333,650,0,0,0,1,240
2026-05-14 00:52:43,PLC,0,Cmd413,0,0,0,0,0,0,0,0,0,0
2026-05-14 00:55:26,PLC,0,Cmd405,10004,0,0,0,0,0,0,0,0,0
2026-05-14 00:59:01,PLC,0,Cmd421,22,0,16386,0,0,0,0,0,1,49
2026-05-14 00:59:05,PLC,0,Cmd413,0,0,0,0,0,0,0,0,0,0
2026-05-14 01:02:40,PLC,0,Cmd405,10004,0,0,0,0,0,0,0,0,0
2026-05-14 01:09:18,PLC,0,Cmd421,50,69,24578,0,0,0,0,2001,1,158
2026-05-14 01:09:32,PLC,0,Cmd413,0,0,0,0,0,0,0,0,0,0
2026-05-14 01:10:15,PLC,0,Cmd421,51,69,24578,0,0,0,0,2001,1,158
2026-05-14 01:10:19,PLC,0,Cmd413,0,0,0,0,0,0,0,0,0,0
2026-05-14 01:12:44,PLC,0,Cmd405,10004,0,0,0,0,0,0,0,0,0
2026-05-14 01:23:42,PLC,0,Cmd421,56,34,49152,1535,255,0,0,2002,1,91
2026-05-14 01:23:55,PLC,0,Cmd413,0,0,0,0,0,0,0,0,0,0
2026-05-14 01:26:08,PLC,0,Cmd405,10004,0,0,0,0,0,0,0,0,0
2026-05-14 01:28:48,PLC,0,Cmd421,50,34,24578,0,0,0,0,2002,1,52
2026-05-14 01:28:52,PLC,0,Cmd413,0,0,0,0,0,0,0,0,0,0
2026-05-14 01:29:36,PLC,0,Cmd421,51,34,24578,0,0,0,0,2002,1,52
2026-05-14 01:29:40,PLC,0,Cmd413,0,0,0,0,0,0,0,0,0,0
2026-05-14 01:32:04,PLC,0,Cmd405,10004,0,0,0,0,0,0,0,0,0
2026-05-14 01:35:25,PLC,0,Cmd421,22,0,16448,0,0,0,0,0,1,68
2026-05-14 01:35:38,PLC,0,Cmd413,0,0,0,0,0,0,0,0,0,0
2026-05-14 01:39:12,PLC,0,Cmd405,10004,0,0,0,0,0,0,0,0,0
2026-05-14 02:06:13,PLC,0,Cmd421,50,15,24578,0,0,0,0,2001,1,12
2026-05-14 02:06:26,PLC,0,Cmd413,0,0,0,0,0,0,0,0,0,0
2026-05-14 02:06:39,PLC,0,Cmd102,0,0,0,0,0,0,0,0,0,0
2026-05-14 02:06:51,PLC,0,Cmd101,0,0,0,0,0,0,0,0,0,0
2026-05-14 02:06:53,PLC,0,Cmd107,0,0,0,0,0,0,0,0,0,0
2026-05-14 02:06:53,RPD,0,Cmd302,0,0,0,0,0,0,0,0,0,0
2026-05-14 02:07:27,PLC,0,Cmd421,51,15,24578,0,0,0,0,2001,1,12
2026-05-14 02:07:31,PLC,0,Cmd413,0,0,0,0,0,0,0,0,0,0
2026-05-14 02:09:56,PLC,0,Cmd405,10004,0,0,0,0,0,0,0,0,0
2026-05-14 02:12:20,PLC,0,Cmd421,26,0,49152,1024,8,0,0,0,1,101
2026-05-14 02:12:32,PLC,0,Cmd413,0,0,0,0,0,0,0,0,0,0
2026-05-14 02:14:03,PLC,0,Cmd405,10004,0,0,0,0,0,0,0,0,0
2026-05-14 02:22:33,PLC,0,Cmd421,26,0,49152,309,648,0,0,0,1,22
2026-05-14 02:22:45,PLC,0,Cmd413,0,0,0,0,0,0,0,0,0,0
2026-05-14 02:25:06,PLC,0,Cmd405,10004,0,0,0,0,0,0,0,0,0
2026-05-14 02:32:02,PLC,0,Cmd421,22,0,16386,0,0,0,0,0,1,149
2026-05-14 02:32:15,PLC,0,Cmd413,0,0,0,0,0,0,0,0,0,0
2026-05-14 02:35:50,PLC,0,Cmd405,10004,0,0,0,0,0,0,0,0,0
2026-05-14 02:46:40,PLC,0,Cmd421,56,29,49152,1535,255,0,0,2001,1,111
2026-05-14 02:46:53,PLC,0,Cmd413,0,0,0,0,0,0,0,0,0,0
2026-05-14 02:49:06,PLC,0,Cmd405,10004,0,0,0,0,0,0,0,0,0
2026-05-14 02:50:17,PLC,0,Cmd421,26,0,49152,1076,650,0,0,0,1,2
2026-05-14 02:50:30,PLC,0,Cmd413,0,0,0,0,0,0,0,0,0,0
2026-05-14 02:52:56,PLC,0,Cmd405,10004,0,0,0,0,0,0,0,0,0
2026-05-14 03:04:45,PLC,0,Cmd421,50,29,24578,0,0,0,0,2002,1,202
2026-05-14 03:04:58,PLC,0,Cmd413,0,0,0,0,0,0,0,0,0,0
2026-05-14 03:05:41,PLC,0,Cmd421,51,29,24578,0,0,0,0,2002,1,202
2026-05-14 03:05:45,PLC,0,Cmd413,0,0,0,0,0,0,0,0,0,0
2026-05-14 03:08:10,PLC,0,Cmd405,10004,0,0,0,0,0,0,0,0,0
2026-05-14 04:10:56,PLC,0,Cmd421,22,0,16386,0,0,0,0,0,1,163
2026-05-14 04:11:09,PLC,0,Cmd413,0,0,0,0,0,0,0,0,0,0
2026-05-14 04:14:43,PLC,0,Cmd405,10004,0,0,0,0,0,0,0,0,0
2026-05-14 04:35:15,PLC,0,Cmd421,22,0,16386,0,0,0,0,0,1,221
2026-05-14 04:35:27,PLC,0,Cmd413,0,0,0,0,0,0,0,0,0,0
2026-05-14 04:39:02,PLC,0,Cmd405,10004,0,0,0,0,0,0,0,0,0
2026-05-14 04:47:30,PLC,0,Cmd303,0,0,0,0,0,0,0,0,0,0
2026-05-14 05:51:06,PLC,0,Cmd101,0,0,0,0,0,0,0,0,0,0
2026-05-14 05:51:06,PLC,0,Cmd302,0,0,0,0,0,0,0,0,0,0
2026-05-14 05:51:08,PLC,0,Cmd107,0,0,0,0,0,0,0,0,0,0
2026-05-14 05:51:08,RPD,0,Cmd302,0,0,0,0,0,0,0,0,0,0
2026-05-14 05:51:09,PLC,0,Cmd101,0,0,0,0,0,0,0,0,0,0
2026-05-14 05:52:15,PLC,0,Cmd421,56,5,53312,1021,1022,0,0,3001,1,15651
2026-05-14 05:52:35,PLC,0,Cmd413,0,0,0,0,0,0,0,0,0,0
2026-05-14 05:53:01,PLC,0,Cmd101,0,0,0,0,0,0,0,0,0,0
2026-05-14 05:53:08,PLC,0,Cmd101,0,0,0,0,0,0,0,0,0,0
2026-05-14 05:54:42,PLC,0,Cmd405,10004,0,0,0,0,0,0,0,0,0
2026-05-14 05:55:36,PLC,0,Cmd107,1,0,0,0,0,0,0,0,0,0
2026-05-14 05:55:36,RPD,0,Cmd302,0,0,0,0,0,0,0,0,0,0
2026-05-14 05:55:38,PLC,0,Cmd107,1,0,0,0,0,0,0,0,0,0
2026-05-14 05:55:38,RPD,0,Cmd302,0,0,0,0,0,0,0,0,0,0
2026-05-14 05:55:40,PLC,0,Cmd107,1,0,0,0,0,0,0,0,0,0
2026-05-14 05:55:40,RPD,0,Cmd302,0,0,0,0,0,0,0,0,0,0
2026-05-14 05:55:42,PLC,0,Cmd107,1,0,0,0,0,0,0,0,0,0
2026-05-14 05:55:42,RPD,0,Cmd302,0,0,0,0,0,0,0,0,0,0
2026-05-14 05:55:48,PLC,0,Cmd101,0,0,0,0,0,0,0,0,0,0
2026-05-14 06:04:21,PLC,0,Cmd107,1,0,0,0,0,0,0,0,0,0
2026-05-14 06:04:21,RPD,0,Cmd302,0,0,0,0,0,0,0,0,0,0
2026-05-14 06:09:42,PLC,0,Cmd421,26,0,49152,1333,654,0,0,0,1,67
2026-05-14 06:09:56,PLC,0,Cmd413,0,0,0,0,0,0,0,0,0,0
2026-05-14 06:12:38,PLC,0,Cmd405,10004,0,0,0,0,0,0,0,0,0
2026-05-14 06:42:28,PLC,0,Cmd303,0,0,0,0,0,0,0,0,0,0
2026-05-14 06:45:02,PLC,0,Cmd101,0,0,0,0,0,0,0,0,0,0
2026-05-14 06:45:02,PLC,0,Cmd302,0,0,0,0,0,0,0,0,0,0
2026-05-14 06:45:04,PLC,0,Cmd107,0,0,0,0,0,0,0,0,0,0
2026-05-14 06:45:04,RPD,0,Cmd302,0,0,0,0,0,0,0,0,0,0
2026-05-14 06:51:14,PLC,0,Cmd421,50,11,57346,61,4147,0,0,2001,1,96
2026-05-14 06:51:27,PLC,0,Cmd413,0,0,0,0,0,0,0,0,0,0
2026-05-14 06:52:10,PLC,0,Cmd421,51,11,57346,61,4147,0,0,2001,1,96
2026-05-14 06:52:15,PLC,0,Cmd413,0,0,0,0,0,0,0,0,0,0
2026-05-14 06:54:18,PLC,0,Cmd405,10004,0,0,0,0,0,0,0,0,0
2026-05-14 07:16:41,PLC,0,Cmd421,22,0,16386,0,0,0,0,0,1,153
2026-05-14 07:16:54,PLC,0,Cmd413,0,0,0,0,0,0,0,0,0,0
2026-05-14 07:20:28,PLC,0,Cmd405,10004,0,0,0,0,0,0,0,0,0
2026-05-14 07:26:10,PLC,0,Cmd421,22,0,16386,0,0,0,0,0,1,126
2026-05-14 07:26:22,PLC,0,Cmd413,0,0,0,0,0,0,0,0,0,0
2026-05-14 07:29:57,PLC,0,Cmd405,10004,0,0,0,0,0,0,0,0,0
2026-05-14 07:41:03,PLC,0,Cmd303,0,0,0,0,0,0,0,0,0,0
2026-05-14 07:41:33,PLC,0,Cmd101,0,0,0,0,0,0,0,0,0,0
2026-05-14 07:41:34,PLC,0,Cmd302,0,0,0,0,0,0,0,0,0,0
2026-05-14 07:41:35,PLC,0,Cmd107,0,0,0,0,0,0,0,0,0,0
2026-05-14 07:41:35,RPD,0,Cmd302,0,0,0,0,0,0,0,0,0,0
2026-05-14 07:43:54,PLC,0,Cmd421,22,0,16386,0,0,0,0,0,1,119
2026-05-14 07:44:07,PLC,0,Cmd413,0,0,0,0,0,0,0,0,0,0
2026-05-14 07:47:41,PLC,0,Cmd405,10004,0,0,0,0,0,0,0,0,0
2026-05-14 08:11:18,PLC,0,Cmd421,22,0,16448,0,0,0,0,0,1,103
2026-05-14 08:11:31,PLC,0,Cmd413,0,0,0,0,0,0,0,0,0,0
2026-05-14 08:15:05,PLC,0,Cmd405,10004,0,0,0,0,0,0,0,0,0
2026-05-14 08:17:50,PLC,0,Cmd421,22,0,16385,0,0,0,0,0,1,138
2026-05-14 08:18:03,PLC,0,Cmd413,0,0,0,0,0,0,0,0,0,0
2026-05-14 08:21:37,PLC,0,Cmd405,10004,0,0,0,0,0,0,0,0,0
2026-05-14 08:34:23,PLC,0,Cmd421,22,0,16386,0,0,0,0,0,1,133
2026-05-14 08:34:35,PLC,0,Cmd413,0,0,0,0,0,0,0,0,0,0
2026-05-14 08:38:10,PLC,0,Cmd405,10004,0,0,0,0,0,0,0,0,0
2026-05-14 08:47:33,PLC,0,Cmd421,56,35,49152,1535,255,0,0,2001,1,91
2026-05-14 08:47:46,PLC,0,Cmd413,0,0,0,0,0,0,0,0,0,0
2026-05-14 08:49:59,PLC,0,Cmd405,10004,0,0,0,0,0,0,0,0,0
2026-05-14 08:52:40,PLC,0,Cmd421,50,35,24578,0,0,0,0,2001,1,52
2026-05-14 08:52:44,PLC,0,Cmd413,0,0,0,0,0,0,0,0,0,0
2026-05-14 08:53:28,PLC,0,Cmd421,51,35,24578,0,0,0,0,2001,1,52
2026-05-14 08:53:32,PLC,0,Cmd413,0,0,0,0,0,0,0,0,0,0
2026-05-14 08:55:56,PLC,0,Cmd405,10004,0,0,0,0,0,0,0,0,0
2026-05-14 09:13:10,PLC,0,Cmd421,26,0,49152,1313,650,0,0,0,1,106
2026-05-14 09:13:23,PLC,0,Cmd413,0,0,0,0,0,0,0,0,0,0
2026-05-14 09:15:54,PLC,0,Cmd405,10004,0,0,0,0,0,0,0,0,0
2026-05-14 09:23:40,PLC,0,Cmd421,22,0,16386,0,0,0,0,0,1,37
2026-05-14 09:23:44,PLC,0,Cmd413,0,0,0,0,0,0,0,0,0,0
2026-05-14 09:27:18,PLC,0,Cmd405,10004,0,0,0,0,0,0,0,0,0
2026-05-14 09:28:14,PLC,0,Cmd101,0,0,0,0,0,0,0,0,0,0
2026-05-14 09:30:20,PLC,0,Cmd101,0,0,0,0,0,0,0,0,0,0
2026-05-14 09:30:25,PLC,0,Cmd101,0,0,0,0,0,0,0,0,0,0
2026-05-14 09:35:00,PLC,0,Cmd101,0,0,0,0,0,0,0,0,0,0
2026-05-14 09:36:06,PLC,0,Cmd421,28,150,16385,0,0,0,0,2001,1,78
2026-05-14 09:36:19,PLC,0,Cmd413,0,0,0,0,0,0,0,0,0,0
2026-05-14 09:39:22,PLC,0,Cmd405,10004,0,0,0,0,0,0,0,0,0
2026-05-14 09:45:57,PLC,0,Cmd421,50,20,24578,0,0,0,0,2002,1,233
2026-05-14 09:46:10,PLC,0,Cmd413,0,0,0,0,0,0,0,0,0,0
2026-05-14 09:46:53,PLC,0,Cmd421,51,20,24578,0,0,0,0,2002,1,233
2026-05-14 09:46:57,PLC,0,Cmd413,0,0,0,0,0,0,0,0,0,0
2026-05-14 09:49:22,PLC,0,Cmd405,10004,0,0,0,0,0,0,0,0,0
2026-05-14 10:07:13,PLC,0,Cmd421,26,0,49152,1333,648,0,0,0,1,102
2026-05-14 10:07:25,PLC,0,Cmd413,0,0,0,0,0,0,0,0,0,0
2026-05-14 10:10:08,PLC,0,Cmd405,10004,0,0,0,0,0,0,0,0,0
2026-05-14 10:13:57,PLC,0,Cmd421,22,0,16386,0,0,0,0,0,1,148
2026-05-14 10:14:01,PLC,0,Cmd413,0,0,0,0,0,0,0,0,0,0
2026-05-14 10:17:35,PLC,0,Cmd405,10004,0,0,0,0,0,0,0,0,0
2026-05-14 10:22:11,PLC,0,Cmd421,56,53,49152,1535,255,0,0,2001,1,110
2026-05-14 10:22:23,PLC,0,Cmd413,0,0,0,0,0,0,0,0,0,0
2026-05-14 10:24:36,PLC,0,Cmd405,10004,0,0,0,0,0,0,0,0,0
2026-05-14 10:30:31,PLC,0,Cmd421,50,53,24578,0,0,0,0,2001,1,105
2026-05-14 10:30:35,PLC,0,Cmd413,0,0,0,0,0,0,0,0,0,0
2026-05-14 10:31:18,PLC,0,Cmd421,51,53,24578,0,0,0,0,2001,1,105
2026-05-14 10:31:22,PLC,0,Cmd413,0,0,0,0,0,0,0,0,0,0
2026-05-14 10:33:47,PLC,0,Cmd405,10004,0,0,0,0,0,0,0,0,0
2026-05-14 12:43:20,PLC,0,Cmd421,50,9,28674,0,0,0,0,2001,1,160
2026-05-14 12:43:33,PLC,0,Cmd413,0,0,0,0,0,0,0,0,0,0
2026-05-14 12:44:16,PLC,0,Cmd421,58,9,28674,0,0,0,0,2001,1,160
2026-05-14 12:44:20,PLC,0,Cmd413,0,0,0,0,0,0,0,0,0,0
2026-05-14 12:47:19,PLC,0,Cmd405,10004,0,0,0,0,0,0,0,0,0
2026-05-14 13:08:59,PLC,0,Cmd421,56,146,49152,1535,255,0,0,2002,1,45
2026-05-14 13:09:11,PLC,0,Cmd413,0,0,0,0,0,0,0,0,0,0
2026-05-14 13:11:20,PLC,0,Cmd405,10004,0,0,0,0,0,0,0,0,0
2026-05-14 13:14:06,PLC,0,Cmd421,50,146,24578,0,0,0,0,2002,1,204
2026-05-14 13:14:10,PLC,0,Cmd413,0,0,0,0,0,0,0,0,0,0
2026-05-14 13:14:53,PLC,0,Cmd421,51,146,24578,0,0,0,0,2002,1,204
2026-05-14 13:14:58,PLC,0,Cmd413,0,0,0,0,0,0,0,0,0,0
2026-05-14 13:17:22,PLC,0,Cmd405,10004,0,0,0,0,0,0,0,0,0
2026-05-14 14:15:21,PLC,0,Cmd421,22,0,16448,0,0,0,0,0,1,35
2026-05-14 14:15:34,PLC,0,Cmd413,0,0,0,0,0,0,0,0,0,0
2026-05-14 14:19:09,PLC,0,Cmd405,10004,0,0,0,0,0,0,0,0,0
2026-05-14 14:41:31,PLC,0,Cmd421,22,0,16386,0,0,0,0,0,1,50
2026-05-14 14:41:44,PLC,0,Cmd413,0,0,0,0,0,0,0,0,0,0
2026-05-14 14:45:19,PLC,0,Cmd405,10004,0,0,0,0,0,0,0,0,0
2026-05-14 14:51:30,PLC,0,Cmd101,0,0,0,0,0,0,0,0,0,0
2026-05-14 15:16:15,PLC,0,Cmd421,99,99,49152,0,0,0,0,2001,1,76
2026-05-14 15:16:28,PLC,0,Cmd413,0,0,0,0,0,0,0,0,0,0
2026-05-14 15:19:26,PLC,0,Cmd405,10004,0,0,0,0,0,0,0,0,0
2026-05-14 15:23:16,PLC,0,Cmd421,56,29,49152,1535,255,0,0,2002,1,164
2026-05-14 15:23:29,PLC,0,Cmd413,0,0,0,0,0,0,0,0,0,0
2026-05-14 15:25:35,PLC,0,Cmd405,10004,0,0,0,0,0,0,0,0,0
2026-05-14 15:36:34,PLC,0,Cmd421,50,29,24578,0,0,0,0,2002,1,171
2026-05-14 15:36:38,PLC,0,Cmd413,0,0,0,0,0,0,0,0,0,0
2026-05-14 15:37:21,PLC,0,Cmd421,51,29,24578,0,0,0,0,2002,1,171
2026-05-14 15:37:25,PLC,0,Cmd413,0,0,0,0,0,0,0,0,0,0
2026-05-14 15:39:50,PLC,0,Cmd405,10004,0,0,0,0,0,0,0,0,0
2026-05-14 15:40:16,PLC,0,Cmd421,26,0,49152,32,648,0,0,0,1,36
2026-05-14 15:40:50,PLC,0,Cmd413,0,0,0,0,0,0,0,0,0,0
2026-05-14 15:42:48,PLC,0,Cmd405,10004,0,0,0,0,0,0,0,0,0
2026-05-14 15:45:44,PLC,0,Cmd421,22,0,16448,0,0,0,0,0,1,206
2026-05-14 15:45:48,PLC,0,Cmd413,0,0,0,0,0,0,0,0,0,0
2026-05-14 15:49:22,PLC,0,Cmd405,10004,0,0,0,0,0,0,0,0,0
2026-05-14 15:54:56,PLC,0,Cmd421,22,0,49154,0,481,0,0,0,1,49
2026-05-14 15:55:08,PLC,0,Cmd413,0,0,0,0,0,0,0,0,0,0
2026-05-14 15:57:27,PLC,0,Cmd405,10004,0,0,0,0,0,0,0,0,0
2026-05-14 16:06:12,PLC,0,Cmd421,26,0,49152,1332,642,0,0,0,1,240
2026-05-14 16:06:17,PLC,0,Cmd413,0,0,0,0,0,0,0,0,0,0
2026-05-14 16:08:52,PLC,0,Cmd405,10004,0,0,0,0,0,0,0,0,0
2026-05-14 17:29:45,PLC,0,Cmd421,22,0,53312,0,1,0,0,0,1,212
2026-05-14 17:29:58,PLC,0,Cmd413,0,0,0,0,0,0,0,0,0,0
2026-05-14 17:32:01,PLC,0,Cmd405,10004,0,0,0,0,0,0,0,0,0
2026-05-14 18:52:24,PLC,0,Cmd421,26,0,49152,1333,654,0,0,0,1,169
2026-05-14 18:52:36,PLC,0,Cmd413,0,0,0,0,0,0,0,0,0,0
2026-05-14 18:55:19,PLC,0,Cmd405,10004,0,0,0,0,0,0,0,0,0
2026-05-14 18:58:56,PLC,0,Cmd421,22,0,16386,0,0,0,0,0,1,98
2026-05-14 18:59:01,PLC,0,Cmd413,0,0,0,0,0,0,0,0,0,0
2026-05-14 19:02:35,PLC,0,Cmd405,10004,0,0,0,0,0,0,0,0,0
2026-05-14 19:07:29,PLC,0,Cmd421,26,0,49152,1332,642,0,0,0,1,240
2026-05-14 19:07:43,PLC,0,Cmd413,0,0,0,0,0,0,0,0,0,0
2026-05-14 19:10:18,PLC,0,Cmd405,10004,0,0,0,0,0,0,0,0,0
2026-05-14 19:14:56,PLC,0,Cmd421,22,0,49154,0,481,0,0,0,1,49
2026-05-14 19:15:00,PLC,0,Cmd413,0,0,0,0,0,0,0,0,0,0
2026-05-14 19:17:18,PLC,0,Cmd405,10004,0,0,0,0,0,0,0,0,0
2026-05-14 19:33:25,PLC,0,Cmd421,26,0,49152,1313,650,0,0,0,1,192
2026-05-14 19:33:38,PLC,0,Cmd413,0,0,0,0,0,0,0,0,0,0
2026-05-14 19:36:10,PLC,0,Cmd405,10004,0,0,0,0,0,0,0,0,0
2026-05-14 19:42:09,PLC,0,Cmd421,26,0,49152,32,648,0,0,0,1,36
2026-05-14 19:42:22,PLC,0,Cmd413,0,0,0,0,0,0,0,0,0,0
2026-05-14 19:44:21,PLC,0,Cmd405,10004,0,0,0,0,0,0,0,0,0
2026-05-14 19:53:25,PLC,0,Cmd421,22,0,16448,0,0,0,0,0,1,206
2026-05-14 19:53:29,PLC,0,Cmd413,0,0,0,0,0,0,0,0,0,0
2026-05-14 19:57:03,PLC,0,Cmd405,10004,0,0,0,0,0,0,0,0,0
2026-05-14 20:04:10,PLC,0,Cmd421,22,0,16386,0,0,0,0,0,1,168
2026-05-14 20:04:23,PLC,0,Cmd413,0,0,0,0,0,0,0,0,0,0
2026-05-14 20:07:57,PLC,0,Cmd405,10004,0,0,0,0,0,0,0,0,0
2026-05-14 20:27:50,PLC,0,Cmd421,56,53,49152,1535,255,0,0,2001,1,111
2026-05-14 20:28:03,PLC,0,Cmd413,0,0,0,0,0,0,0,0,0,0
2026-05-14 20:30:15,PLC,0,Cmd405,10004,0,0,0,0,0,0,0,0,0
2026-05-14 20:32:56,PLC,0,Cmd421,50,53,24578,0,0,0,0,2001,1,131
2026-05-14 20:33:01,PLC,0,Cmd413,0,0,0,0,0,0,0,0,0,0
2026-05-14 20:33:44,PLC,0,Cmd421,51,53,24578,0,0,0,0,2001,1,131
2026-05-14 20:33:48,PLC,0,Cmd413,0,0,0,0,0,0,0,0,0,0
2026-05-14 20:36:13,PLC,0,Cmd405,10004,0,0,0,0,0,0,0,0,0
2026-05-14 20:49:47,PLC,0,Cmd421,22,0,16448,0,0,0,0,0,1,144
2026-05-14 20:50:00,PLC,0,Cmd413,0,0,0,0,0,0,0,0,0,0
2026-05-14 20:53:34,PLC,0,Cmd405,10004,0,0,0,0,0,0,0,0,0
2026-05-14 21:12:51,PLC,0,Cmd421,26,0,49152,289,648,0,0,0,1,67
2026-05-14 21:13:04,PLC,0,Cmd413,0,0,0,0,0,0,0,0,0,0
2026-05-14 21:15:13,PLC,0,Cmd405,10004,0,0,0,0,0,0,0,0,0
2026-05-14 22:02:56,PLC,0,Cmd101,0,0,0,0,0,0,0,0,0,0
2026-05-14 22:51:58,PLC,0,Cmd421,26,0,49152,1313,650,0,0,0,1,192
2026-05-14 22:52:11,PLC,0,Cmd413,0,0,0,0,0,0,0,0,0,0
2026-05-14 22:54:42,PLC,0,Cmd405,10004,0,0,0,0,0,0,0,0,0
2026-05-14 23:49:29,PLC,0,Cmd421,22,0,16448,0,0,0,0,0,1,57
2026-05-14 23:49:41,PLC,0,Cmd413,0,0,0,0,0,0,0,0,0,0
2026-05-14 23:53:15,PLC,0,Cmd405,10004,0,0,0,0,0,0,0,0,0
2026-05-14 23:54:25,PLC,0,Cmd421,22,0,16386,0,0,0,0,0,1,168
2026-05-14 23:54:38,PLC,0,Cmd413,0,0,0,0,0,0,0,0,0,0
2026-05-14 23:58:12,PLC,0,Cmd405,10004,0,0,0,0,0,0,0,0,0
2026-05-15 00:18:03,PLC,0,Cmd421,22,0,16448,0,0,0,0,0,1,144
2026-05-15 00:18:17,PLC,0,Cmd413,0,0,0,0,0,0,0,0,0,0
2026-05-15 00:21:51,PLC,0,Cmd405,10004,0,0,0,0,0,0,0,0,0
2026-05-15 00:28:06,PLC,0,Cmd421,26,0,49152,1981,17146,0,0,0,1,102
2026-05-15 00:28:20,PLC,0,Cmd413,0,0,0,0,0,0,0,0,0,0
2026-05-15 00:32:13,PLC,0,Cmd405,10004,0,0,0,0,0,0,0,0,0
2026-05-15 00:41:26,PLC,0,Cmd421,22,0,16386,0,0,0,0,0,1,138
2026-05-15 00:41:39,PLC,0,Cmd413,0,0,0,0,0,0,0,0,0,0
2026-05-15 00:45:13,PLC,0,Cmd405,10004,0,0,0,0,0,0,0,0,0
2026-05-15 01:05:23,PLC,0,Cmd421,22,0,16386,0,0,0,0,0,1,119
2026-05-15 01:05:36,PLC,0,Cmd413,0,0,0,0,0,0,0,0,0,0
2026-05-15 01:09:10,PLC,0,Cmd405,10004,0,0,0,0,0,0,0,0,0
2026-05-15 01:12:39,PLC,0,Cmd421,26,0,49152,289,650,0,0,0,1,113
2026-05-15 01:12:53,PLC,0,Cmd413,0,0,0,0,0,0,0,0,0,0
2026-05-15 01:15:02,PLC,0,Cmd405,10004,0,0,0,0,0,0,0,0,0
2026-05-15 01:22:57,PLC,0,Cmd421,22,0,16386,0,0,0,0,0,1,68
2026-05-15 01:23:02,PLC,0,Cmd413,0,0,0,0,0,0,0,0,0,0
2026-05-15 01:26:36,PLC,0,Cmd405,10004,0,0,0,0,0,0,0,0,0
2026-05-15 01:27:01,PLC,0,Cmd421,50,13,24577,0,0,0,0,2001,1,60
2026-05-15 01:27:36,PLC,0,Cmd413,0,0,0,0,0,0,0,0,0,0
2026-05-15 01:28:19,PLC,0,Cmd421,51,13,24577,0,0,0,0,2001,1,60
2026-05-15 01:28:23,PLC,0,Cmd413,0,0,0,0,0,0,0,0,0,0
2026-05-15 01:30:28,PLC,0,Cmd405,10004,0,0,0,0,0,0,0,0,0
2026-05-15 01:31:39,PLC,0,Cmd421,26,0,49152,289,648,0,0,0,1,67
2026-05-15 01:31:51,PLC,0,Cmd413,0,0,0,0,0,0,0,0,0,0
2026-05-15 01:34:01,PLC,0,Cmd405,10004,0,0,0,0,0,0,0,0,0
2026-05-15 01:36:24,PLC,0,Cmd421,22,0,16386,0,0,0,0,0,1,133
2026-05-15 01:36:36,PLC,0,Cmd413,0,0,0,0,0,0,0,0,0,0
2026-05-15 01:40:10,PLC,0,Cmd405,10004,0,0,0,0,0,0,0,0,0
2026-05-15 01:53:33,PLC,0,Cmd421,56,62,49152,1531,251,0,0,2002,1,155
2026-05-15 01:53:46,PLC,0,Cmd413,0,0,0,0,0,0,0,0,0,0
2026-05-15 01:55:59,PLC,0,Cmd405,10004,0,0,0,0,0,0,0,0,0
2026-05-15 02:02:34,PLC,0,Cmd421,50,62,24578,0,0,0,0,2001,1,86
2026-05-15 02:02:38,PLC,0,Cmd413,0,0,0,0,0,0,0,0,0,0
2026-05-15 02:03:21,PLC,0,Cmd421,51,62,24578,0,0,0,0,2001,1,86
2026-05-15 02:03:25,PLC,0,Cmd413,0,0,0,0,0,0,0,0,0,0
2026-05-15 02:05:50,PLC,0,Cmd405,10004,0,0,0,0,0,0,0,0,0
2026-05-15 03:01:24,PLC,0,Cmd421,56,53,49152,1530,250,0,0,2001,1,110
2026-05-15 03:01:37,PLC,0,Cmd413,0,0,0,0,0,0,0,0,0,0
2026-05-15 03:03:35,PLC,0,Cmd405,10004,0,0,0,0,0,0,0,0,0
2026-05-15 03:13:38,PLC,0,Cmd421,22,0,16386,0,0,0,0,0,1,103
2026-05-15 03:13:51,PLC,0,Cmd413,0,0,0,0,0,0,0,0,0,0
2026-05-15 03:17:25,PLC,0,Cmd405,10004,0,0,0,0,0,0,0,0,0
2026-05-15 03:31:29,PLC,0,Cmd421,56,112,49152,1534,254,0,0,2001,1,45
2026-05-15 03:31:42,PLC,0,Cmd413,0,0,0,0,0,0,0,0,0,0
2026-05-15 03:33:41,PLC,0,Cmd405,10004,0,0,0,0,0,0,0,0,0
2026-05-15 03:50:57,PLC,0,Cmd421,50,112,24640,0,0,0,0,2002,1,237
2026-05-15 03:51:01,PLC,0,Cmd413,0,0,0,0,0,0,0,0,0,0
2026-05-15 03:51:45,PLC,0,Cmd421,51,112,24640,0,0,0,0,2002,1,237
2026-05-15 03:51:49,PLC,0,Cmd413,0,0,0,0,0,0,0,0,0,0
2026-05-15 03:54:14,PLC,0,Cmd405,10004,0,0,0,0,0,0,0,0,0
2026-05-15 03:54:39,PLC,0,Cmd421,56,53,49152,1407,127,0,0,2001,1,111
2026-05-15 03:55:13,PLC,0,Cmd413,0,0,0,0,0,0,0,0,0,0
2026-05-15 03:57:05,PLC,0,Cmd405,10004,0,0,0,0,0,0,0,0,0
2026-05-15 04:17:02,PLC,0,Cmd421,50,53,24640,0,0,0,0,2002,1,207
2026-05-15 04:17:06,PLC,0,Cmd413,0,0,0,0,0,0,0,0,0,0
2026-05-15 04:17:50,PLC,0,Cmd421,51,53,24640,0,0,0,0,2002,1,207
2026-05-15 04:17:54,PLC,0,Cmd413,0,0,0,0,0,0,0,0,0,0
2026-05-15 04:20:18,PLC,0,Cmd405,10004,0,0,0,0,0,0,0,0,0
2026-05-15 04:26:12,PLC,0,Cmd421,22,0,16386,0,0,0,0,0,1,119
2026-05-15 04:26:25,PLC,0,Cmd413,0,0,0,0,0,0,0,0,0,0
2026-05-15 04:29:59,PLC,0,Cmd405,10004,0,0,0,0,0,0,0,0,0
2026-05-15 04:38:02,PLC,0,Cmd303,0,0,0,0,0,0,0,0,0,0
2026-05-15 04:38:09,PLC,0,Cmd140,0,0,0,0,0,0,0,0,0,0
2026-05-15 05:35:32,PLC,0,Cmd141,0,0,0,0,0,0,0,0,0,0
2026-05-15 05:35:32,PLC,0,Cmd101,0,0,0,0,0,0,0,0,0,0
2026-05-15 05:35:33,PLC,0,Cmd106,0,0,0,0,0,0,0,0,0,0
2026-05-15 05:35:34,PLC,0,Cmd1,0,0,0,0,0,0,0,0,0,0
2026-05-15 05:35:34,PLC,0,Cmd302,0,0,0,0,0,0,0,0,0,0
2026-05-15 05:35:37,PLC,0,Cmd107,0,0,0,0,0,0,0,0,0,0
2026-05-15 05:35:37,RPD,0,Cmd302,0,0,0,0,0,0,0,0,0,0
2026-05-15 05:35:37,PLC,0,Cmd101,0,0,0,0,0,0,0,0,0,0
2026-05-15 05:35:39,PLC,0,Cmd101,0,0,0,0,0,0,0,0,0,0
2026-05-15 05:35:40,PLC,0,Cmd101,0,0,0,0,0,0,0,0,0,0
2026-05-15 05:39:05,PLC,0,Cmd101,0,0,0,0,0,0,0,0,0,0
2026-05-15 05:39:32,PLC,0,Cmd421,56,5,49216,1021,1022,0,0,3001,1,15652
2026-05-15 05:39:52,PLC,0,Cmd413,0,0,0,0,0,0,0,0,0,0
2026-05-15 05:40:13,PLC,0,Cmd101,0,0,0,0,0,0,0,0,0,0
2026-05-15 05:40:34,PLC,0,Cmd101,0,0,0,0,0,0,0,0,0,0
2026-05-15 05:40:46,PLC,0,Cmd303,0,0,0,0,0,0,0,0,0,0
2026-05-15 05:41:00,PLC,0,Cmd303,0,0,0,0,0,0,0,0,0,0
2026-05-15 05:41:02,PLC,0,Cmd101,0,0,0,0,0,0,0,0,0,0
2026-05-15 05:41:10,PLC,0,Cmd302,0,0,0,0,0,0,0,0,0,0
2026-05-15 05:41:11,PLC,0,Cmd101,0,0,0,0,0,0,0,0,0,0
2026-05-15 05:42:41,PLC,0,Cmd111,0,0,0,0,0,0,0,0,0,0
2026-05-15 05:42:42,PLC,0,Cmd303,0,0,0,0,0,0,0,0,0,0
2026-05-15 05:42:42,PLC,0,Cmd102,0,0,0,0,0,0,0,0,0,0
2026-05-15 05:42:43,PLC,0,Cmd2,0,0,0,0,0,0,0,0,0,0
2026-05-15 05:43:30,RA2,0,Cmd302,0,0,0,0,0,0,0,0,0,0
2026-05-15 05:43:31,RA2,0,Cmd110,0,0,0,0,0,0,0,0,0,0
2026-05-15 05:43:31,RA2,0,Cmd103,0,0,0,0,0,0,0,0,0,0
2026-05-15 05:43:32,RA2,0,Cmd110,0,0,0,0,0,0,0,0,0,0
2026-05-15 05:43:33,RA2,0,Cmd401,0,1,1,0,0,0,0,0,0,0
2026-05-15 05:43:33,RPD,0,Cmd422,0,999,0,0,0,1,1,0,1,0
2026-05-15 05:43:36,RA2,0,Cmd401,0,1,3,0,0,0,0,0,0,0
2026-05-15 05:43:36,RPD,0,Cmd422,0,999,0,0,0,1,3,0,1,0
2026-05-15 05:44:37,PLC,0,Cmd1,0,0,0,0,0,0,0,0,0,0
2026-05-15 05:44:40,PLC,0,Cmd303,0,0,0,0,0,0,0,0,0,0
2026-05-15 05:44:40,PLC,0,Cmd102,0,0,0,0,0,0,0,0,0,0
2026-05-15 05:44:41,PLC,0,Cmd302,0,0,0,0,0,0,0,0,0,0
2026-05-15 05:44:43,PLC,0,Cmd303,0,0,0,0,0,0,0,0,0,0
2026-05-15 05:44:44,PLC,0,Cmd101,0,0,0,0,0,0,0,0,0,0
2026-05-15 05:44:46,PLC,0,Cmd107,0,0,0,0,0,0,0,0,0,0
2026-05-15 05:44:46,PLC,0,Cmd302,0,0,0,0,0,0,0,0,0,0
2026-05-15 05:44:51,PLC,0,Cmd107,1,0,0,0,0,0,0,0,0,0
2026-05-15 05:44:51,RPD,0,Cmd302,0,0,0,0,0,0,0,0,0,0
2026-05-15 05:44:52,PLC,0,Cmd107,1,0,0,0,0,0,0,0,0,0
2026-05-15 05:44:52,RPD,0,Cmd302,0,0,0,0,0,0,0,0,0,0
2026-05-15 05:44:56,PLC,0,Cmd101,0,0,0,0,0,0,0,0,0,0
2026-05-15 05:55:11,PLC,0,Cmd102,0,0,0,0,0,0,0,0,0,0
2026-05-15 05:55:35,PLC,0,Cmd101,0,0,0,0,0,0,0,0,0,0
2026-05-15 05:55:37,PLC,0,Cmd107,0,0,0,0,0,0,0,0,0,0
2026-05-15 05:55:37,RPD,0,Cmd302,0,0,0,0,0,0,0,0,0,0
2026-05-15 05:55:38,PLC,0,Cmd101,0,0,0,0,0,0,0,0,0,0
2026-05-15 05:55:45,PLC,0,Cmd107,1,0,0,0,0,0,0,0,0,0
2026-05-15 05:55:45,RPD,0,Cmd302,0,0,0,0,0,0,0,0,0,0
2026-05-15 05:55:46,PLC,0,Cmd107,1,0,0,0,0,0,0,0,0,0
2026-05-15 05:55:46,RPD,0,Cmd302,0,0,0,0,0,0,0,0,0,0
2026-05-15 06:06:22,PLC,0,Cmd421,22,0,16386,0,0,0,0,0,1,50
2026-05-15 06:06:36,PLC,0,Cmd413,0,0,0,0,0,0,0,0,0,0
2026-05-15 06:10:10,PLC,0,Cmd405,10004,0,0,0,0,0,0,0,0,0
2026-05-15 06:11:38,PLC,0,Cmd421,56,106,49152,1535,255,0,0,2001,1,46
2026-05-15 06:11:52,PLC,0,Cmd413,0,0,0,0,0,0,0,0,0,0
2026-05-15 06:14:04,PLC,0,Cmd405,10004,0,0,0,0,0,0,0,0,0
2026-05-15 07:29:23,PLC,0,Cmd421,50,106,24578,0,0,0,0,2001,1,230
2026-05-15 07:29:35,PLC,0,Cmd413,0,0,0,0,0,0,0,0,0,0
2026-05-15 07:30:19,PLC,0,Cmd421,51,106,24578,0,0,0,0,2001,1,230
2026-05-15 07:30:23,PLC,0,Cmd413,0,0,0,0,0,0,0,0,0,0
2026-05-15 07:32:48,PLC,0,Cmd405,10004,0,0,0,0,0,0,0,0,0
2026-05-15 07:55:17,PLC,0,Cmd421,56,113,49152,1534,254,0,0,2002,1,45
2026-05-15 07:55:30,PLC,0,Cmd413,0,0,0,0,0,0,0,0,0,0
2026-05-15 07:57:28,PLC,0,Cmd405,10004,0,0,0,0,0,0,0,0,0
2026-05-15 08:00:24,PLC,0,Cmd421,50,113,24640,0,0,0,0,2002,1,237
2026-05-15 08:00:28,PLC,0,Cmd413,0,0,0,0,0,0,0,0,0,0
2026-05-15 08:01:12,PLC,0,Cmd421,51,113,24640,0,0,0,0,2002,1,237
2026-05-15 08:01:16,PLC,0,Cmd413,0,0,0,0,0,0,0,0,0,0
2026-05-15 08:03:40,PLC,0,Cmd405,10004,0,0,0,0,0,0,0,0,0
2026-05-15 08:10:35,PLC,0,Cmd421,26,0,49152,1333,648,0,0,0,1,175
2026-05-15 08:10:47,PLC,0,Cmd413,0,0,0,0,0,0,0,0,0,0
2026-05-15 08:13:30,PLC,0,Cmd405,10004,0,0,0,0,0,0,0,0,0
2026-05-15 08:30:07,PLC,0,Cmd421,26,0,49152,1333,650,0,0,0,1,101
2026-05-15 08:30:20,PLC,0,Cmd413,0,0,0,0,0,0,0,0,0,0
2026-05-15 08:33:03,PLC,0,Cmd405,10004,0,0,0,0,0,0,0,0,0
2026-05-15 08:38:59,PLC,0,Cmd421,26,0,49152,1333,650,0,0,0,1,180
2026-05-15 08:39:12,PLC,0,Cmd413,0,0,0,0,0,0,0,0,0,0
2026-05-15 08:41:55,PLC,0,Cmd405,10004,0,0,0,0,0,0,0,0,0
2026-05-15 08:54:36,PLC,0,Cmd421,26,0,49152,32,648,0,0,0,1,22
2026-05-15 08:54:50,PLC,0,Cmd413,0,0,0,0,0,0,0,0,0,0
2026-05-15 08:56:49,PLC,0,Cmd405,10004,0,0,0,0,0,0,0,0,0
2026-05-15 09:00:41,PLC,0,Cmd421,22,0,16386,0,0,0,0,0,1,51
2026-05-15 09:00:45,PLC,0,Cmd413,0,0,0,0,0,0,0,0,0,0
2026-05-15 09:04:20,PLC,0,Cmd405,10004,0,0,0,0,0,0,0,0,0
2026-05-15 09:41:10,PLC,0,Cmd421,22,0,49154,0,1,0,0,0,1,99
2026-05-15 09:41:24,PLC,0,Cmd413,0,0,0,0,0,0,0,0,0,0
2026-05-15 09:43:26,PLC,0,Cmd405,10004,0,0,0,0,0,0,0,0,0
2026-05-15 11:06:46,PLC,0,Cmd421,56,97,49152,4410,570,0,0,2001,1,157
2026-05-15 11:06:59,PLC,0,Cmd413,0,0,0,0,0,0,0,0,0,0
2026-05-15 11:12:39,PLC,0,Cmd101,0,0,0,0,0,0,0,0,0,0
2026-05-15 11:12:44,PLC,0,Cmd107,0,0,0,0,0,0,0,0,0,0
2026-05-15 11:12:44,RPD,0,Cmd302,0,0,0,0,0,0,0,0,0,0
2026-05-15 11:13:07,PLC,0,Cmd111,0,0,0,0,0,0,0,0,0,0
2026-05-15 11:13:07,PLC,0,Cmd303,0,0,0,0,0,0,0,0,0,0
2026-05-15 11:13:08,PLC,0,Cmd140,0,0,0,0,0,0,0,0,0,0
2026-05-15 11:13:56,PLC,0,Cmd141,0,0,0,0,0,0,0,0,0,0
2026-05-15 11:13:56,PLC,0,Cmd101,0,0,0,0,0,0,0,0,0,0
2026-05-15 11:13:56,PLC,0,Cmd106,0,0,0,0,0,0,0,0,0,0
2026-05-15 11:13:57,PLC,0,Cmd1,0,0,0,0,0,0,0,0,0,0
2026-05-15 11:13:59,PLC,0,Cmd101,0,0,0,0,0,0,0,0,0,0
2026-05-15 11:14:01,PLC,0,Cmd101,0,0,0,0,0,0,0,0,0,0
2026-05-15 11:14:02,PLC,0,Cmd101,0,0,0,0,0,0,0,0,0,0
2026-05-15 11:14:03,PLC,0,Cmd101,0,0,0,0,0,0,0,0,0,0
2026-05-15 11:14:04,PLC,0,Cmd302,0,0,0,0,0,0,0,0,0,0
2026-05-15 11:14:12,PLC,0,Cmd107,1,0,0,0,0,0,0,0,0,0
2026-05-15 11:14:12,RPD,0,Cmd302,0,0,0,0,0,0,0,0,0,0
2026-05-15 11:14:20,PLC,0,Cmd101,0,0,0,0,0,0,0,0,0,0
2026-05-15 11:14:48,PLC,0,Cmd421,26,0,49152,1961,744,0,0,0,1,192
2026-05-15 11:15:29,PLC,0,Cmd413,0,0,0,0,0,0,0,0,0,0
2026-05-15 11:18:57,PLC,0,Cmd405,10004,0,0,0,0,0,0,0,0,0
2026-05-15 11:39:15,PLC,0,Cmd421,22,0,16386,0,0,0,0,0,1,134
2026-05-15 11:39:27,PLC,0,Cmd413,0,0,0,0,0,0,0,0,0,0
2026-05-15 11:43:03,PLC,0,Cmd405,10004,0,0,0,0,0,0,0,0,0
2026-05-15 12:05:31,PLC,0,Cmd101,0,0,0,0,0,0,0,0,0,0
2026-05-15 12:10:41,PLC,0,Cmd421,50,62,57346,1,1,0,0,2001,1,86
2026-05-15 12:10:54,PLC,0,Cmd413,0,0,0,0,0,0,0,0,0,0
2026-05-15 12:10:59,PLC,0,Cmd421,51,62,57346,1,1,0,0,2001,1,86
2026-05-15 12:11:04,PLC,0,Cmd413,0,0,0,0,0,0,0,0,0,0
2026-05-15 12:11:49,PLC,0,Cmd405,10004,0,0,0,0,0,0,0,0,0
2026-05-15 12:26:33,PLC,0,Cmd421,56,154,49152,1535,255,0,0,2002,1,194
2026-05-15 12:26:46,PLC,0,Cmd413,0,0,0,0,0,0,0,0,0,0
2026-05-15 12:28:52,PLC,0,Cmd405,10004,0,0,0,0,0,0,0,0,0
2026-05-15 12:31:40,PLC,0,Cmd421,50,154,24578,0,0,0,0,2002,1,195
2026-05-15 12:31:44,PLC,0,Cmd413,0,0,0,0,0,0,0,0,0,0
2026-05-15 12:32:28,PLC,0,Cmd421,51,154,24578,0,0,0,0,2002,1,195
2026-05-15 12:32:32,PLC,0,Cmd413,0,0,0,0,0,0,0,0,0,0
2026-05-15 12:34:56,PLC,0,Cmd405,10004,0,0,0,0,0,0,0,0,0
2026-05-15 13:36:51,PLC,0,Cmd111,0,0,0,0,0,0,0,0,0,0
2026-05-15 13:36:52,PLC,0,Cmd303,0,0,0,0,0,0,0,0,0,0
2026-05-15 13:36:52,PLC,0,Cmd140,0,0,0,0,0,0,0,0,0,0
2026-05-15 15:42:02,PLC,0,Cmd141,0,0,0,0,0,0,0,0,0,0
2026-05-15 15:42:03,PLC,0,Cmd106,0,0,0,0,0,0,0,0,0,0
2026-05-15 15:42:04,PLC,0,Cmd1,0,0,0,0,0,0,0,0,0,0
2026-05-15 15:42:04,PLC,0,Cmd101,0,0,0,0,0,0,0,0,0,0
2026-05-15 15:42:07,PLC,0,Cmd107,0,0,0,0,0,0,0,0,0,0
2026-05-15 15:42:07,PLC,0,Cmd302,0,0,0,0,0,0,0,0,0,0
2026-05-15 15:42:09,PLC,0,Cmd101,0,0,0,0,0,0,0,0,0,0
2026-05-15 15:42:10,PLC,0,Cmd101,0,0,0,0,0,0,0,0,0,0
2026-05-15 15:46:14,PLC,0,Cmd101,0,0,0,0,0,0,0,0,0,0
2026-05-15 15:46:16,PLC,0,Cmd101,0,0,0,0,0,0,0,0,0,0
2026-05-15 15:47:35,PLC,0,Cmd101,0,0,0,0,0,0,0,0,0,0
2026-05-15 15:47:36,PLC,0,Cmd101,0,0,0,0,0,0,0,0,0,0
2026-05-15 15:47:37,PLC,0,Cmd101,0,0,0,0,0,0,0,0,0,0
2026-05-15 15:48:07,PLC,0,Cmd101,0,0,0,0,0,0,0,0,0,0
2026-05-15 16:16:31,PLC,0,Cmd102,0,0,0,0,0,0,0,0,0,0
2026-05-15 17:19:15,PLC,0,Cmd101,0,0,0,0,0,0,0,0,0,0
2026-05-15 17:19:16,PLC,0,Cmd101,0,0,0,0,0,0,0,0,0,0
2026-05-15 17:19:18,PLC,0,Cmd101,0,0,0,0,0,0,0,0,0,0
2026-05-15 17:19:45,PLC,0,Cmd302,0,0,0,0,0,0,0,0,0,0
2026-05-15 17:19:46,PLC,0,Cmd101,0,0,0,0,0,0,0,0,0,0
2026-05-15 17:19:48,PLC,0,Cmd107,0,0,0,0,0,0,0,0,0,0
2026-05-15 17:19:48,RPD,0,Cmd302,0,0,0,0,0,0,0,0,0,0
2026-05-15 17:19:56,PLC,0,Cmd405,10005,0,0,0,0,0,0,0,0,0
2026-05-15 17:38:42,PLC,0,Cmd303,0,0,0,0,0,0,0,0,0,0
2026-05-16 08:52:00,PLC,0,Cmd140,0,0,0,0,0,0,0,0,0,0
2026-05-17 22:37:44,PLC,0,Cmd101,0,0,0,0,0,0,0,0,0,0
2026-05-17 22:37:46,PLC,0,Cmd141,0,0,0,0,0,0,0,0,0,0
2026-05-17 22:37:47,PLC,0,Cmd101,0,0,0,0,0,0,0,0,0,0
2026-05-17 22:37:47,PLC,0,Cmd106,0,0,0,0,0,0,0,0,0,0
2026-05-17 22:37:48,PLC,0,Cmd1,0,0,0,0,0,0,0,0,0,0
2026-05-17 22:37:49,PLC,0,Cmd101,0,0,0,0,0,0,0,0,0,0
2026-05-17 22:37:49,PLC,0,Cmd302,0,0,0,0,0,0,0,0,0,0
2026-05-17 22:37:51,PLC,0,Cmd107,0,0,0,0,0,0,0,0,0,0
2026-05-17 22:37:51,RPD,0,Cmd302,0,0,0,0,0,0,0,0,0,0
2026-05-17 22:37:57,PLC,0,Cmd405,10001,0,0,0,0,0,0,0,0,0
2026-05-17 22:39:50,PLC,0,Cmd111,0,0,0,0,0,0,0,0,0,0
2026-05-17 22:39:50,PLC,0,Cmd303,0,0,0,0,0,0,0,0,0,0
2026-05-17 22:39:51,PLC,0,Cmd140,0,0,0,0,0,0,0,0,0,0
2026-05-18 00:39:57,PLC,0,Cmd141,0,0,0,0,0,0,0,0,0,0
2026-05-18 00:39:57,PLC,0,Cmd101,0,0,0,0,0,0,0,0,0,0
2026-05-18 00:39:58,PLC,0,Cmd106,0,0,0,0,0,0,0,0,0,0
2026-05-18 00:39:59,PLC,0,Cmd1,0,0,0,0,0,0,0,0,0,0
2026-05-18 00:40:00,PLC,0,Cmd101,0,0,0,0,0,0,0,0,0,0
2026-05-18 00:40:17,PLC,0,Cmd101,0,0,0,0,0,0,0,0,0,0
2026-05-18 00:40:17,PLC,0,Cmd302,0,0,0,0,0,0,0,0,0,0
2026-05-18 00:40:19,PLC,0,Cmd107,0,0,0,0,0,0,0,0,0,0
2026-05-18 00:40:19,RPD,0,Cmd302,0,0,0,0,0,0,0,0,0,0
2026-05-18 01:02:02,PLC,0,Cmd111,0,0,0,0,0,0,0,0,0,0
2026-05-18 01:02:02,PLC,0,Cmd303,0,0,0,0,0,0,0,0,0,0
2026-05-18 01:02:03,PLC,0,Cmd102,0,0,0,0,0,0,0,0,0,0
2026-05-18 01:02:03,PLC,0,Cmd2,0,0,0,0,0,0,0,0,0,0
2026-05-18 02:00:49,PLC,0,Cmd101,0,0,0,0,0,0,0,0,0,0
2026-05-18 02:00:54,RA2,0,Cmd103,0,0,0,0,0,0,0,0,0,0
2026-05-18 02:00:58,RA2,0,Cmd302,0,0,0,0,0,0,0,0,0,0
2026-05-18 02:01:31,RA2,0,Cmd421,0,8,0,0,0,0,0,2001,1,0
2026-05-18 03:24:02,PLC,0,Cmd101,0,0,0,0,0,0,0,0,0,0
2026-05-18 03:25:13,PLC,0,Cmd101,0,0,0,0,0,0,0,0,0,0
2026-05-18 03:25:14,PLC,0,Cmd101,0,0,0,0,0,0,0,0,0,0
2026-05-18 03:25:26,PLC,0,Cmd101,0,0,0,0,0,0,0,0,0,0
2026-05-18 03:25:27,PLC,0,Cmd101,0,0,0,0,0,0,0,0,0,0
2026-05-18 03:25:47,PLC,0,Cmd101,0,0,0,0,0,0,0,0,0,0
2026-05-18 03:25:57,PLC,0,Cmd101,0,0,0,0,0,0,0,0,0,0
2026-05-18 03:31:36,PLC,0,Cmd101,0,0,0,0,0,0,0,0,0,0
2026-05-18 03:31:40,RA2,0,Cmd103,0,0,0,0,0,0,0,0,0,0
2026-05-18 03:31:43,RA2,0,Cmd302,0,0,0,0,0,0,0,0,0,0
2026-05-18 03:31:43,RA2,0,Cmd302,0,0,0,0,0,0,0,0,0,0
2026-05-18 03:31:47,RA2,0,Cmd421,10008,0,0,0,0,1,0,0,1,0
2026-05-18 03:31:48,RA2,0,Cmd421,10008,0,0,0,0,1,0,0,1,0
2026-05-18 03:35:38,PLC,0,Cmd101,0,0,0,0,0,0,0,0,0,0
2026-05-18 03:35:39,PLC,0,Cmd101,0,0,0,0,0,0,0,0,0,0
2026-05-18 03:35:42,RA2,0,Cmd103,0,0,0,0,0,0,0,0,0,0
2026-05-18 03:35:44,RA2,0,Cmd302,0,0,0,0,0,0,0,0,0,0
2026-05-18 03:35:46,RA2,0,Cmd421,10008,0,0,0,0,1,0,0,1,0
2026-05-18 03:43:14,PLC,0,Cmd101,0,0,0,0,0,0,0,0,0,0
2026-05-18 03:46:01,PLC,0,Cmd101,0,0,0,0,0,0,0,0,0,0
2026-05-18 03:48:48,PLC,0,Cmd101,0,0,0,0,0,0,0,0,0,0
2026-05-18 03:51:56,PLC,0,Cmd101,0,0,0,0,0,0,0,0,0,0
2026-05-18 03:54:12,PLC,0,Cmd101,0,0,0,0,0,0,0,0,0,0
2026-05-18 04:00:09,PLC,0,Cmd101,0,0,0,0,0,0,0,0,0,0
2026-05-18 04:00:11,PLC,0,Cmd101,0,0,0,0,0,0,0,0,0,0
2026-05-18 04:00:14,PLC,0,Cmd1,0,0,0,0,0,0,0,0,0,0
2026-05-18 04:00:21,PLC,0,Cmd107,1,0,0,0,0,0,0,0,0,0
2026-05-18 04:00:21,RPD,0,Cmd302,0,0,0,0,0,0,0,0,0,0
2026-05-18 04:00:22,PLC,0,Cmd101,0,0,0,0,0,0,0,0,0,0
2026-05-18 04:00:23,PLC,0,Cmd107,0,0,0,0,0,0,0,0,0,0
2026-05-18 04:00:23,RPD,0,Cmd302,0,0,0,0,0,0,0,0,0,0
2026-05-18 04:00:24,PLC,0,Cmd107,0,0,0,0,0,0,0,0,0,0
2026-05-18 04:00:24,RPD,0,Cmd302,0,0,0,0,0,0,0,0,0,0
2026-05-18 04:00:25,PLC,0,Cmd101,0,0,0,0,0,0,0,0,0,0
2026-05-18 04:00:27,PLC,0,Cmd101,0,0,0,0,0,0,0,0,0,0
2026-05-18 04:00:28,PLC,0,Cmd101,0,0,0,0,0,0,0,0,0,0
2026-05-18 04:00:35,PLC,0,Cmd102,0,0,0,0,0,0,0,0,0,0
2026-05-18 04:00:36,PLC,0,Cmd111,0,0,0,0,0,0,0,0,0,0
2026-05-18 04:00:36,PLC,0,Cmd303,0,0,0,0,0,0,0,0,0,0
2026-05-18 04:00:37,PLC,0,Cmd140,0,0,0,0,0,0,0,0,0,0
2026-05-18 04:04:33,PLC,0,Cmd141,0,0,0,0,0,0,0,0,0,0
2026-05-18 04:04:34,PLC,0,Cmd106,0,0,0,0,0,0,0,0,0,0
2026-05-18 04:04:35,PLC,0,Cmd1,0,0,0,0,0,0,0,0,0,0
2026-05-18 04:04:35,PLC,0,Cmd101,0,0,0,0,0,0,0,0,0,0
2026-05-18 04:04:37,PLC,0,Cmd302,0,0,0,0,0,0,0,0,0,0
2026-05-18 04:04:38,PLC,0,Cmd101,0,0,0,0,0,0,0,0,0,0
2026-05-18 04:04:40,PLC,0,Cmd107,0,0,0,0,0,0,0,0,0,0
2026-05-18 04:04:40,RPD,0,Cmd302,0,0,0,0,0,0,0,0,0,0
2026-05-18 04:04:41,PLC,0,Cmd101,0,0,0,0,0,0,0,0,0,0
2026-05-18 04:05:27,PLC,0,Cmd107,1,0,0,0,0,0,0,0,0,0
2026-05-18 04:05:27,RPD,0,Cmd302,0,0,0,0,0,0,0,0,0,0
2026-05-18 04:05:31,PLC,0,Cmd421,51,8,16386,0,1022,0,0,2001,1,15653
2026-05-18 04:05:51,PLC,0,Cmd413,0,0,0,0,0,0,0,0,0,0
2026-05-18 04:06:37,PLC,0,Cmd102,0,0,0,0,0,0,0,0,0,0
2026-05-18 04:07:08,PLC,0,Cmd107,0,0,0,0,0,0,0,0,0,0
2026-05-18 04:07:08,RPD,0,Cmd302,0,0,0,0,0,0,0,0,0,0
2026-05-18 04:07:32,PLC,0,Cmd102,0,0,0,0,0,0,0,0,0,0
2026-05-18 04:08:12,PLC,0,Cmd101,0,0,0,0,0,0,0,0,0,0
2026-05-18 04:08:14,PLC,0,Cmd107,0,0,0,0,0,0,0,0,0,0
2026-05-18 04:08:14,RPD,0,Cmd302,0,0,0,0,0,0,0,0,0,0
2026-05-18 04:09:31,PLC,0,Cmd405,10004,0,0,0,0,0,0,0,0,0
2026-05-18 04:10:45,PLC,0,Cmd421,26,0,49153,941,764,0,0,2001,1,15654
2026-05-18 04:11:05,PLC,0,Cmd413,0,0,0,0,0,0,0,0,0,0
2026-05-18 04:14:31,PLC,0,Cmd405,10004,0,0,0,0,0,0,0,0,0
2026-05-18 04:15:31,PLC,0,Cmd107,1,0,0,0,0,0,0,0,0,0
2026-05-18 04:15:31,RPD,0,Cmd302,0,0,0,0,0,0,0,0,0,0
2026-05-18 04:51:41,PLC,0,Cmd101,0,0,0,0,0,0,0,0,0,0
2026-05-18 05:24:20,PLC,0,Cmd111,0,0,0,0,0,0,0,0,0,0
2026-05-18 05:24:21,PLC,0,Cmd303,0,0,0,0,0,0,0,0,0,0
2026-05-18 05:24:21,PLC,0,Cmd140,0,0,0,0,0,0,0,0,0,0
2026-05-18 05:51:07,PLC,0,Cmd101,0,0,0,0,0,0,0,0,0,0
2026-05-18 05:51:09,PLC,0,Cmd141,0,0,0,0,0,0,0,0,0,0
2026-05-18 05:51:09,PLC,0,Cmd106,0,0,0,0,0,0,0,0,0,0
2026-05-18 05:51:10,PLC,0,Cmd101,0,0,0,0,0,0,0,0,0,0
2026-05-18 05:51:11,PLC,0,Cmd1,0,0,0,0,0,0,0,0,0,0
2026-05-18 05:51:11,PLC,0,Cmd101,0,0,0,0,0,0,0,0,0,0
2026-05-18 05:51:12,PLC,0,Cmd302,0,0,0,0,0,0,0,0,0,0
2026-05-18 05:51:14,PLC,0,Cmd107,0,0,0,0,0,0,0,0,0,0
2026-05-18 05:51:14,RPD,0,Cmd302,0,0,0,0,0,0,0,0,0,0
2026-05-18 05:51:18,PLC,0,Cmd107,1,0,0,0,0,0,0,0,0,0
2026-05-18 05:51:18,RPD,0,Cmd302,0,0,0,0,0,0,0,0,0,0
2026-05-18 05:51:19,PLC,0,Cmd107,1,0,0,0,0,0,0,0,0,0
2026-05-18 05:51:19,RPD,0,Cmd302,0,0,0,0,0,0,0,0,0,0
2026-05-18 06:31:32,PLC,0,Cmd421,22,0,16386,0,0,0,0,0,1,37
2026-05-18 06:31:45,PLC,0,Cmd413,0,0,0,0,0,0,0,0,0,0
2026-05-18 06:35:19,PLC,0,Cmd405,10004,0,0,0,0,0,0,0,0,0
2026-05-18 06:40:20,PLC,0,Cmd421,22,0,16386,0,0,0,0,0,1,105
2026-05-18 06:40:33,PLC,0,Cmd413,0,0,0,0,0,0,0,0,0,0
2026-05-18 06:44:07,PLC,0,Cmd405,10004,0,0,0,0,0,0,0,0,0
2026-05-18 07:37:51,PLC,0,Cmd421,26,0,49152,1333,654,0,0,0,1,113
2026-05-18 07:38:03,PLC,0,Cmd413,0,0,0,0,0,0,0,0,0,0
2026-05-18 07:40:46,PLC,0,Cmd405,10004,0,0,0,0,0,0,0,0,0
2026-05-18 09:02:37,PLC,0,Cmd421,22,0,16386,0,0,0,0,0,1,153
2026-05-18 09:02:50,PLC,0,Cmd413,0,0,0,0,0,0,0,0,0,0
2026-05-18 09:06:24,PLC,0,Cmd405,10004,0,0,0,0,0,0,0,0,0
2026-05-18 09:07:30,PLC,0,Cmd421,22,0,16386,0,0,0,0,0,1,244
2026-05-18 09:07:43,PLC,0,Cmd413,0,0,0,0,0,0,0,0,0,0
2026-05-18 09:11:17,PLC,0,Cmd405,10004,0,0,0,0,0,0,0,0,0
2026-05-18 09:18:42,PLC,0,Cmd421,22,0,49216,0,1920,0,0,0,1,144
2026-05-18 09:18:55,PLC,0,Cmd413,0,0,0,0,0,0,0,0,0,0
2026-05-18 09:20:41,PLC,0,Cmd405,10004,0,0,0,0,0,0,0,0,0
2026-05-18 10:22:19,PLC,0,Cmd421,50,16,24577,0,0,0,0,2001,1,24
2026-05-18 10:22:31,PLC,0,Cmd413,0,0,0,0,0,0,0,0,0,0
2026-05-18 10:23:14,PLC,0,Cmd421,51,16,24577,0,0,0,0,2001,1,24
2026-05-18 10:23:18,PLC,0,Cmd413,0,0,0,0,0,0,0,0,0,0
2026-05-18 10:25:24,PLC,0,Cmd405,10004,0,0,0,0,0,0,0,0,0
2026-05-18 10:39:21,PLC,0,Cmd421,26,0,49152,32,520,0,0,0,1,240
2026-05-18 10:39:33,PLC,0,Cmd413,0,0,0,0,0,0,0,0,0,0
2026-05-18 10:41:26,PLC,0,Cmd405,10004,0,0,0,0,0,0,0,0,0
2026-05-18 10:46:16,PLC,0,Cmd421,50,97,24584,0,0,0,0,2002,1,33
2026-05-18 10:46:28,PLC,0,Cmd413,0,0,0,0,0,0,0,0,0,0
2026-05-18 10:47:12,PLC,0,Cmd421,51,97,24584,0,0,0,0,2002,1,33
2026-05-18 10:47:16,PLC,0,Cmd413,0,0,0,0,0,0,0,0,0,0
2026-05-18 10:49:40,PLC,0,Cmd405,10004,0,0,0,0,0,0,0,0,0
2026-05-18 11:38:05,PLC,0,Cmd421,22,0,16386,0,0,0,0,0,1,57
2026-05-18 11:38:17,PLC,0,Cmd413,0,0,0,0,0,0,0,0,0,0
2026-05-18 11:41:51,PLC,0,Cmd405,10004,0,0,0,0,0,0,0,0,0
2026-05-18 11:48:47,PLC,0,Cmd421,22,0,16386,0,0,0,0,0,1,149
2026-05-18 11:49:00,PLC,0,Cmd413,0,0,0,0,0,0,0,0,0,0
2026-05-18 11:51:55,PLC,0,Cmd101,0,0,0,0,0,0,0,0,0,0
2026-05-18 11:52:34,PLC,0,Cmd405,10004,0,0,0,0,0,0,0,0,0
2026-05-18 12:33:08,PLC,0,Cmd421,22,0,49216,0,1920,0,0,0,1,144
2026-05-18 12:33:21,PLC,0,Cmd413,0,0,0,0,0,0,0,0,0,0
2026-05-18 12:35:07,PLC,0,Cmd405,10004,0,0,0,0,0,0,0,0,0
2026-05-18 12:39:58,PLC,0,Cmd421,26,0,49152,1981,17146,0,0,0,1,180
2026-05-18 12:40:11,PLC,0,Cmd413,0,0,0,0,0,0,0,0,0,0
2026-05-18 12:44:04,PLC,0,Cmd405,10004,0,0,0,0,0,0,0,0,0
2026-05-18 13:32:16,PLC,0,Cmd111,0,0,0,0,0,0,0,0,0,0
2026-05-18 13:32:16,PLC,0,Cmd303,0,0,0,0,0,0,0,0,0,0
2026-05-18 13:32:17,PLC,0,Cmd140,0,0,0,0,0,0,0,0,0,0
2026-05-18 14:00:36,PLC,0,Cmd141,0,0,0,0,0,0,0,0,0,0
2026-05-18 14:00:37,PLC,0,Cmd101,0,0,0,0,0,0,0,0,0,0
2026-05-18 14:00:37,PLC,0,Cmd106,0,0,0,0,0,0,0,0,0,0
2026-05-18 14:00:38,PLC,0,Cmd1,0,0,0,0,0,0,0,0,0,0
2026-05-18 14:00:39,PLC,0,Cmd101,0,0,0,0,0,0,0,0,0,0
2026-05-18 14:00:43,PLC,0,Cmd101,0,0,0,0,0,0,0,0,0,0
2026-05-18 14:00:52,PLC,0,Cmd101,0,0,0,0,0,0,0,0,0,0
2026-05-18 14:00:52,PLC,0,Cmd302,0,0,0,0,0,0,0,0,0,0
2026-05-18 14:00:54,PLC,0,Cmd107,0,0,0,0,0,0,0,0,0,0
2026-05-18 14:00:54,RPD,0,Cmd302,0,0,0,0,0,0,0,0,0,0
2026-05-18 14:00:55,PLC,0,Cmd101,0,0,0,0,0,0,0,0,0,0
2026-05-18 14:00:56,PLC,0,Cmd107,0,0,0,0,0,0,0,0,0,0
2026-05-18 14:00:56,RPD,0,Cmd302,0,0,0,0,0,0,0,0,0,0
2026-05-18 14:06:12,PLC,0,Cmd421,26,0,49152,309,648,0,0,0,1,67
2026-05-18 14:06:25,PLC,0,Cmd413,0,0,0,0,0,0,0,0,0,0
2026-05-18 14:08:46,PLC,0,Cmd405,10004,0,0,0,0,0,0,0,0,0
2026-05-18 14:09:12,PLC,0,Cmd421,26,0,49152,1056,648,0,0,0,1,2
2026-05-18 14:09:46,PLC,0,Cmd413,0,0,0,0,0,0,0,0,0,0
2026-05-18 14:12:00,PLC,0,Cmd405,10004,0,0,0,0,0,0,0,0,0
2026-05-18 14:15:03,PLC,0,Cmd421,22,0,16448,0,0,0,0,0,1,232
2026-05-18 14:15:07,PLC,0,Cmd413,0,0,0,0,0,0,0,0,0,0
2026-05-18 14:18:41,PLC,0,Cmd405,10004,0,0,0,0,0,0,0,0,0
2026-05-18 14:19:14,PLC,0,Cmd421,26,0,49152,1333,654,0,0,0,1,101
2026-05-18 14:19:40,PLC,0,Cmd413,0,0,0,0,0,0,0,0,0,0
2026-05-18 14:22:22,PLC,0,Cmd405,10004,0,0,0,0,0,0,0,0,0
2026-05-18 14:49:45,PLC,0,Cmd303,0,0,0,0,0,0,0,0,0,0
2026-05-18 15:06:29,PLC,0,Cmd101,0,0,0,0,0,0,0,0,0,0
2026-05-18 15:06:29,PLC,0,Cmd302,0,0,0,0,0,0,0,0,0,0
2026-05-18 15:06:31,PLC,0,Cmd107,0,0,0,0,0,0,0,0,0,0
2026-05-18 15:06:31,RPD,0,Cmd302,0,0,0,0,0,0,0,0,0,0
2026-05-18 15:06:32,PLC,0,Cmd101,0,0,0,0,0,0,0,0,0,0
2026-05-18 15:06:52,PLC,0,Cmd421,26,0,49152,32,648,0,0,0,1,22
2026-05-18 15:07:05,PLC,0,Cmd413,0,0,0,0,0,0,0,0,0,0
2026-05-18 15:09:03,PLC,0,Cmd405,10004,0,0,0,0,0,0,0,0,0
2026-05-18 15:11:46,PLC,0,Cmd421,22,0,16386,0,0,0,0,0,1,51
2026-05-18 15:11:50,PLC,0,Cmd413,0,0,0,0,0,0,0,0,0,0
2026-05-18 15:15:24,PLC,0,Cmd405,10004,0,0,0,0,0,0,0,0,0
2026-05-18 15:50:47,PLC,0,Cmd421,22,0,16448,0,0,0,0,0,1,219
2026-05-18 15:51:00,PLC,0,Cmd413,0,0,0,0,0,0,0,0,0,0
2026-05-18 15:54:34,PLC,0,Cmd405,10004,0,0,0,0,0,0,0,0,0
2026-05-18 15:55:00,PLC,0,Cmd421,26,0,49152,32,0,0,0,0,1,169
2026-05-18 15:55:34,PLC,0,Cmd413,0,0,0,0,0,0,0,0,0,0
2026-05-18 15:57:27,PLC,0,Cmd405,10004,0,0,0,0,0,0,0,0,0
2026-05-18 17:29:41,PLC,0,Cmd421,56,34,49152,1535,255,0,0,2001,1,46
2026-05-18 17:29:55,PLC,0,Cmd413,0,0,0,0,0,0,0,0,0,0
2026-05-18 17:32:01,PLC,0,Cmd405,10004,0,0,0,0,0,0,0,0,0
2026-05-18 17:41:25,PLC,0,Cmd421,50,34,24578,0,0,0,0,2001,1,139
2026-05-18 17:41:29,PLC,0,Cmd413,0,0,0,0,0,0,0,0,0,0
2026-05-18 17:42:13,PLC,0,Cmd421,51,34,24578,0,0,0,0,2001,1,139
2026-05-18 17:42:17,PLC,0,Cmd413,0,0,0,0,0,0,0,0,0,0
2026-05-18 17:44:41,PLC,0,Cmd405,10004,0,0,0,0,0,0,0,0,0
2026-05-18 17:57:43,PLC,0,Cmd421,50,97,57352,131,1283,0,0,2002,1,33
2026-05-18 17:57:55,PLC,0,Cmd413,0,0,0,0,0,0,0,0,0,0
2026-05-18 17:58:00,PLC,0,Cmd421,51,97,57352,131,1283,0,0,2002,1,33
2026-05-18 17:58:05,PLC,0,Cmd413,0,0,0,0,0,0,0,0,0,0
2026-05-18 17:59:54,PLC,0,Cmd405,10004,0,0,0,0,0,0,0,0,0
2026-05-18 18:07:29,PLC,0,Cmd421,22,0,16386,0,0,0,0,0,1,163
2026-05-18 18:07:42,PLC,0,Cmd413,0,0,0,0,0,0,0,0,0,0
2026-05-18 18:11:16,PLC,0,Cmd405,10004,0,0,0,0,0,0,0,0,0
2026-05-18 18:14:39,PLC,0,Cmd421,22,0,16386,0,0,0,0,0,1,29
2026-05-18 18:14:51,PLC,0,Cmd413,0,0,0,0,0,0,0,0,0,0
2026-05-18 18:18:26,PLC,0,Cmd405,10004,0,0,0,0,0,0,0,0,0
2026-05-18 18:23:26,PLC,0,Cmd421,22,0,16386,0,0,0,0,0,1,218
2026-05-18 18:23:39,PLC,0,Cmd413,0,0,0,0,0,0,0,0,0,0
2026-05-18 18:27:13,PLC,0,Cmd405,10004,0,0,0,0,0,0,0,0,0
2026-05-18 18:40:41,PLC,0,Cmd303,0,0,0,0,0,0,0,0,0,0
2026-05-18 18:46:58,PLC,0,Cmd101,0,0,0,0,0,0,0,0,0,0
2026-05-18 18:46:59,PLC,0,Cmd302,0,0,0,0,0,0,0,0,0,0
2026-05-18 18:47:00,PLC,0,Cmd101,0,0,0,0,0,0,0,0,0,0
2026-05-18 18:47:02,PLC,0,Cmd107,0,0,0,0,0,0,0,0,0,0
2026-05-18 18:47:02,RPD,0,Cmd302,0,0,0,0,0,0,0,0,0,0
2026-05-18 19:15:27,PLC,0,Cmd421,26,0,49152,32,0,0,0,0,1,169
2026-05-18 19:15:39,PLC,0,Cmd413,0,0,0,0,0,0,0,0,0,0
2026-05-18 19:17:32,PLC,0,Cmd405,10004,0,0,0,0,0,0,0,0,0
2026-05-18 19:29:52,PLC,0,Cmd421,50,27,57346,128,256,0,0,2001,1,12
2026-05-18 19:30:05,PLC,0,Cmd413,0,0,0,0,0,0,0,0,0,0
2026-05-18 19:30:10,PLC,0,Cmd421,51,27,57346,128,256,0,0,2001,1,12
2026-05-18 19:30:14,PLC,0,Cmd413,0,0,0,0,0,0,0,0,0,0
2026-05-18 19:31:09,PLC,0,Cmd405,10004,0,0,0,0,0,0,0,0,0
2026-05-18 19:51:24,PLC,0,Cmd421,26,0,49152,1333,654,0,0,0,1,101
2026-05-18 19:51:37,PLC,0,Cmd413,0,0,0,0,0,0,0,0,0,0
2026-05-18 19:54:20,PLC,0,Cmd405,10004,0,0,0,0,0,0,0,0,0
2026-05-18 20:08:35,PLC,0,Cmd421,22,0,16386,0,0,0,0,0,1,37
2026-05-18 20:08:47,PLC,0,Cmd413,0,0,0,0,0,0,0,0,0,0
2026-05-18 20:12:22,PLC,0,Cmd405,10004,0,0,0,0,0,0,0,0,0
2026-05-18 20:12:47,PLC,0,Cmd421,26,0,53248,32,136,0,0,0,1,106
2026-05-18 20:13:21,PLC,0,Cmd413,0,0,0,0,0,0,0,0,0,0
2026-05-18 20:15:15,PLC,0,Cmd405,10004,0,0,0,0,0,0,0,0,0
2026-05-18 20:18:23,PLC,0,Cmd421,22,0,20544,0,0,0,0,0,1,171
2026-05-18 20:18:28,PLC,0,Cmd413,0,0,0,0,0,0,0,0,0,0
2026-05-18 20:22:02,PLC,0,Cmd405,10004,0,0,0,0,0,0,0,0,0
2026-05-18 20:47:39,PLC,0,Cmd421,26,0,49152,1333,652,0,0,0,1,102
2026-05-18 20:47:51,PLC,0,Cmd413,0,0,0,0,0,0,0,0,0,0
2026-05-18 20:50:34,PLC,0,Cmd405,10004,0,0,0,0,0,0,0,0,0
2026-05-18 20:51:26,PLC,0,Cmd421,26,0,49152,32,648,0,0,0,1,175
2026-05-18 20:51:39,PLC,0,Cmd413,0,0,0,0,0,0,0,0,0,0
2026-05-18 20:53:37,PLC,0,Cmd405,10004,0,0,0,0,0,0,0,0,0
2026-05-18 20:56:27,PLC,0,Cmd421,22,0,16448,0,0,0,0,0,1,133
2026-05-18 20:56:31,PLC,0,Cmd413,0,0,0,0,0,0,0,0,0,0
2026-05-18 21:00:05,PLC,0,Cmd405,10004,0,0,0,0,0,0,0,0,0
2026-05-18 21:40:42,PLC,0,Cmd421,26,0,49152,289,648,0,0,0,1,186
2026-05-18 21:40:54,PLC,0,Cmd413,0,0,0,0,0,0,0,0,0,0
2026-05-18 21:43:03,PLC,0,Cmd405,10004,0,0,0,0,0,0,0,0,0
2026-05-18 21:47:07,PLC,0,Cmd421,22,0,16386,0,0,0,0,0,1,103
2026-05-18 21:47:11,PLC,0,Cmd413,0,0,0,0,0,0,0,0,0,0
2026-05-18 21:50:46,PLC,0,Cmd405,10004,0,0,0,0,0,0,0,0,0
2026-05-18 22:19:41,PLC,0,Cmd421,56,35,49152,1535,255,0,0,2001,1,46
2026-05-18 22:19:54,PLC,0,Cmd413,0,0,0,0,0,0,0,0,0,0
2026-05-18 22:22:07,PLC,0,Cmd405,10004,0,0,0,0,0,0,0,0,0
2026-05-18 22:37:39,PLC,0,Cmd102,0,0,0,0,0,0,0,0,0,0
2026-05-18 22:42:07,PLC,0,Cmd101,0,0,0,0,0,0,0,0,0,0
2026-05-18 22:42:10,PLC,0,Cmd101,0,0,0,0,0,0,0,0,0,0
2026-05-18 22:42:11,PLC,0,Cmd101,0,0,0,0,0,0,0,0,0,0
2026-05-18 22:42:38,PLC,0,Cmd101,0,0,0,0,0,0,0,0,0,0
2026-05-18 22:42:40,PLC,0,Cmd107,0,0,0,0,0,0,0,0,0,0
2026-05-18 22:42:40,RPD,0,Cmd302,0,0,0,0,0,0,0,0,0,0
2026-05-18 22:42:48,PLC,0,Cmd107,1,0,0,0,0,0,0,0,0,0
2026-05-18 22:42:48,RPD,0,Cmd302,0,0,0,0,0,0,0,0,0,0
2026-05-18 22:42:50,PLC,0,Cmd107,1,0,0,0,0,0,0,0,0,0
2026-05-18 22:42:50,RPD,0,Cmd302,0,0,0,0,0,0,0,0,0,0
2026-05-18 22:54:14,PLC,0,Cmd421,50,35,24578,0,0,0,0,2001,1,139
2026-05-18 22:54:19,PLC,0,Cmd413,0,0,0,0,0,0,0,0,0,0
2026-05-18 22:55:01,PLC,0,Cmd421,51,35,24578,0,0,0,0,2001,1,139
2026-05-18 22:55:05,PLC,0,Cmd413,0,0,0,0,0,0,0,0,0,0
2026-05-18 22:57:30,PLC,0,Cmd405,10004,0,0,0,0,0,0,0,0,0
2026-05-18 23:14:49,PLC,0,Cmd421,26,0,53248,0,128,0,0,0,1,201
2026-05-18 23:15:02,PLC,0,Cmd413,0,0,0,0,0,0,0,0,0,0
2026-05-18 23:16:26,PLC,0,Cmd405,10004,0,0,0,0,0,0,0,0,0
2026-05-18 23:34:49,PLC,0,Cmd421,22,0,16386,0,0,0,0,0,1,29
2026-05-18 23:35:02,PLC,0,Cmd413,0,0,0,0,0,0,0,0,0,0
2026-05-18 23:38:37,PLC,0,Cmd405,10004,0,0,0,0,0,0,0,0,0
2026-05-18 23:40:48,PLC,0,Cmd421,26,0,49152,1983,17150,0,0,0,1,231
2026-05-18 23:41:01,PLC,0,Cmd413,0,0,0,0,0,0,0,0,0,0
2026-05-18 23:44:54,PLC,0,Cmd405,10004,0,0,0,0,0,0,0,0,0
2026-05-18 23:49:24,PLC,0,Cmd421,56,20,49152,1534,254,0,0,2001,1,111
2026-05-18 23:49:37,PLC,0,Cmd413,0,0,0,0,0,0,0,0,0,0
2026-05-18 23:51:35,PLC,0,Cmd405,10004,0,0,0,0,0,0,0,0,0
2026-05-18 23:56:11,PLC,0,Cmd421,50,20,24640,0,0,0,0,2001,1,152
2026-05-18 23:56:15,PLC,0,Cmd413,0,0,0,0,0,0,0,0,0,0
2026-05-18 23:56:59,PLC,0,Cmd421,51,20,24640,0,0,0,0,2001,1,152
2026-05-18 23:57:03,PLC,0,Cmd413,0,0,0,0,0,0,0,0,0,0
2026-05-18 23:59:28,PLC,0,Cmd405,10004,0,0,0,0,0,0,0,0,0
