2026-05-18 13:21:09,PLC,0,Cmd111,0,0,0,0,0,0,0,0,0,0
2026-05-18 13:21:09,PLC,0,Cmd303,0,0,0,0,0,0,0,0,0,0
2026-05-18 13:21:10,PLC,0,Cmd315,0,0,0,0,0,0,0,0,0,0
2026-05-18 13:21:10,PLC,0,Cmd140,0,0,0,0,0,0,0,0,0,0
2026-05-18 13:23:40,PLC,0,Cmd101,0,0,0,0,0,0,0,0,0,0
2026-05-18 13:50:00,PLC,0,Cmd101,0,0,0,0,0,0,0,0,0,0
2026-05-18 13:50:01,PLC,0,Cmd101,0,0,0,0,0,0,0,0,0,0
2026-05-18 13:50:02,PLC,0,Cmd141,0,0,0,0,0,0,0,0,0,0
2026-05-18 13:50:03,PLC,0,Cmd106,0,0,0,0,0,0,0,0,0,0
2026-05-18 13:50:04,PLC,0,Cmd1,0,0,0,0,0,0,0,0,0,0
2026-05-18 13:50:05,PLC,0,Cmd101,0,0,0,0,0,0,0,0,0,0
2026-05-18 13:50:33,PLC,0,Cmd101,0,0,0,0,0,0,0,0,0,0
2026-05-18 13:50:40,PLC,0,Cmd101,0,0,0,0,0,0,0,0,0,0
2026-05-18 13:50:47,PLC,0,Cmd101,0,0,0,0,0,0,0,0,0,0
2026-05-18 13:50:58,PLC,0,Cmd101,0,0,0,0,0,0,0,0,0,0
2026-05-18 13:50:59,PLC,0,Cmd302,0,0,0,0,0,0,0,0,0,0
2026-05-18 13:51:03,PLC,0,Cmd101,0,0,0,0,0,0,0,0,0,0
2026-05-18 13:51:05,PLC,0,Cmd107,0,0,0,0,0,0,0,0,0,0
2026-05-18 13:51:05,RPD,0,Cmd302,0,0,0,0,0,0,0,0,0,0
2026-05-18 13:51:17,PLC,0,Cmd405,10001,0,0,0,0,0,0,0,0,0
2026-05-18 13:51:26,PLC,0,Cmd303,0,0,0,0,0,0,0,0,0,0
2026-05-18 13:51:26,PLC,0,Cmd302,0,0,0,0,0,0,0,0,0,0
2026-05-18 13:51:27,PLC,0,Cmd315,0,0,0,0,0,0,0,0,0,0
2026-05-18 13:51:27,PLC,0,Cmd101,0,0,0,0,0,0,0,0,0,0
2026-05-18 13:51:30,PLC,0,Cmd421,26,20,49152,309,648,219,1,0,1,67
2026-05-18 13:52:09,PLC,0,Cmd101,0,0,0,0,0,0,0,0,0,0
2026-05-18 13:52:09,PLC,0,Cmd314,0,0,0,0,0,0,0,0,0,0
2026-05-18 13:52:13,PLC,0,Cmd413,0,0,0,0,0,0,0,0,0,0
2026-05-18 13:52:41,PLC,0,Cmd421,26,99,49152,1056,648,287,2,0,1,2
2026-05-18 13:53:32,PLC,0,Cmd101,0,0,0,0,0,0,0,0,0,0
2026-05-18 13:53:32,PLC,0,Cmd203,0,0,0,0,0,0,0,0,0,0
2026-05-18 13:53:33,PLC,0,Cmd101,0,0,0,0,0,0,0,0,0,0
2026-05-18 13:53:34,PLC,0,Cmd203,0,0,0,0,0,0,0,0,0,0
2026-05-18 13:53:36,PLC,0,Cmd107,0,0,0,0,0,0,0,0,0,0
2026-05-18 13:53:36,RPD,0,Cmd302,0,0,0,0,0,0,0,0,0,0
2026-05-18 13:53:50,PLC,0,Cmd101,0,0,0,0,0,0,0,0,0,0
2026-05-18 13:53:50,PLC,0,Cmd203,0,0,0,0,0,0,0,0,0,0
2026-05-18 13:53:52,PLC,0,Cmd101,0,0,0,0,0,0,0,0,0,0
2026-05-18 13:53:52,PLC,0,Cmd203,0,0,0,0,0,0,0,0,0,0
2026-05-18 13:53:54,PLC,0,Cmd107,0,0,0,0,0,0,0,0,0,0
2026-05-18 13:53:54,RPD,0,Cmd302,0,0,0,0,0,0,0,0,0,0
2026-05-18 13:54:35,PLC,0,Cmd101,0,0,0,0,0,0,0,0,0,0
2026-05-18 13:54:35,PLC,0,Cmd203,0,0,0,0,0,0,0,0,0,0
2026-05-18 13:54:38,PLC,0,Cmd107,0,0,0,0,0,0,0,0,0,0
2026-05-18 13:54:38,RPD,0,Cmd302,0,0,0,0,0,0,0,0,0,0
2026-05-18 13:56:20,PLC,0,Cmd101,0,0,0,0,0,0,0,0,0,0
2026-05-18 13:56:21,PLC,0,Cmd314,0,0,0,0,0,0,0,0,0,0
2026-05-18 13:56:28,PLC,0,Cmd413,0,0,0,0,0,0,0,0,0,0
2026-05-18 13:56:37,PLC,0,Cmd421,22,99,16448,0,0,260,2,2,1,232
2026-05-18 13:57:17,PLC,0,Cmd101,0,0,0,0,0,0,0,0,0,0
2026-05-18 13:57:18,PLC,0,Cmd203,0,0,0,0,0,0,0,0,0,0
2026-05-18 13:57:18,PLC,0,Cmd101,0,0,0,0,0,0,0,0,0,0
2026-05-18 13:57:19,PLC,0,Cmd203,0,0,0,0,0,0,0,0,0,0
2026-05-18 13:57:20,PLC,0,Cmd107,0,0,0,0,0,0,0,0,0,0
2026-05-18 13:57:20,RPD,0,Cmd302,0,0,0,0,0,0,0,0,0,0
2026-05-18 13:59:11,PLC,0,Cmd101,0,0,0,0,0,0,0,0,0,0
2026-05-18 13:59:11,PLC,0,Cmd314,0,0,0,0,0,0,0,0,0,0
2026-05-18 14:01:12,PLC,0,Cmd413,0,0,0,0,0,0,0,0,0,0
2026-05-18 14:01:21,PLC,0,Cmd421,0,99,16448,0,0,341,2,2,1,232
2026-05-18 14:03:20,PLC,0,Cmd101,0,0,0,0,0,0,0,0,0,0
2026-05-18 14:03:21,PLC,0,Cmd314,0,0,0,0,0,0,0,0,0,0
2026-05-18 14:03:26,PLC,0,Cmd421,26,34,49152,1333,654,365,1,0,1,101
2026-05-18 14:05:11,PLC,0,Cmd101,0,0,0,0,0,0,0,0,0,0
2026-05-18 14:05:12,PLC,0,Cmd314,0,0,0,0,0,0,0,0,0,0
2026-05-18 14:05:47,PLC,0,Cmd413,0,0,0,0,0,0,0,0,0,0
2026-05-18 14:05:56,PLC,0,Cmd421,53,3,16448,0,0,494,1,0,1,152
2026-05-18 14:09:21,PLC,0,Cmd101,0,0,0,0,0,0,0,0,0,0
2026-05-18 14:09:22,PLC,0,Cmd314,0,0,0,0,0,0,0,0,0,0
2026-05-18 14:09:30,PLC,0,Cmd413,0,0,0,0,0,0,0,0,0,0
2026-05-18 14:23:16,PLC,0,Cmd421,22,6,16385,0,0,371,1,2,1,147
2026-05-18 14:24:47,PLC,0,Cmd101,0,0,0,0,0,0,0,0,0,0
2026-05-18 14:24:47,PLC,0,Cmd314,0,0,0,0,0,0,0,0,0,0
2026-05-18 14:25:00,PLC,0,Cmd413,0,0,0,0,0,0,0,0,0,0
2026-05-18 14:25:08,PLC,0,Cmd421,0,6,16385,0,0,305,1,2,1,147
2026-05-18 14:27:07,PLC,0,Cmd101,0,0,0,0,0,0,0,0,0,0
2026-05-18 14:27:08,PLC,0,Cmd314,0,0,0,0,0,0,0,0,0,0
2026-05-18 14:27:13,PLC,0,Cmd421,51,6,16385,0,0,222,1,2,1,49
2026-05-18 14:28:59,PLC,0,Cmd101,0,0,0,0,0,0,0,0,0,0
2026-05-18 14:28:59,PLC,0,Cmd314,0,0,0,0,0,0,0,0,0,0
2026-05-18 14:29:25,PLC,0,Cmd413,0,0,0,0,0,0,0,0,0,0
2026-05-18 14:29:36,PLC,0,Cmd421,0,6,16385,0,0,162,1,2,1,49
2026-05-18 14:30:52,PLC,0,Cmd101,0,0,0,0,0,0,0,0,0,0
2026-05-18 14:30:53,PLC,0,Cmd314,0,0,0,0,0,0,0,0,0,0
2026-05-18 14:33:19,PLC,0,Cmd421,25,3,16386,0,0,436,2,2,1,29
2026-05-18 14:34:38,PLC,0,Cmd101,0,0,0,0,0,0,0,0,0,0
2026-05-18 14:34:39,PLC,0,Cmd314,0,0,0,0,0,0,0,0,0,0
2026-05-18 14:34:42,PLC,0,Cmd413,0,0,0,0,0,0,0,0,0,0
2026-05-18 14:34:50,PLC,0,Cmd421,0,3,16386,0,0,477,2,2,1,29
2026-05-18 14:36:57,PLC,0,Cmd101,0,0,0,0,0,0,0,0,0,0
2026-05-18 14:36:58,PLC,0,Cmd314,0,0,0,0,0,0,0,0,0,0
2026-05-18 14:38:52,PLC,0,Cmd303,0,0,0,0,0,0,0,0,0,0
2026-05-18 14:38:53,PLC,0,Cmd102,0,0,0,0,0,0,0,0,0,0
2026-05-18 14:38:53,PLC,0,Cmd302,0,0,0,0,0,0,0,0,0,0
2026-05-18 14:38:54,PLC,0,Cmd315,0,0,0,0,0,0,0,0,0,0
2026-05-18 14:38:54,PLC,0,Cmd101,0,0,0,0,0,0,0,0,0,0
2026-05-18 14:38:56,PLC,0,Cmd107,0,0,0,0,0,0,0,0,0,0
2026-05-18 14:38:56,RPD,0,Cmd302,0,0,0,0,0,0,0,0,0,0
2026-05-18 14:39:54,PLC,0,Cmd111,0,0,0,0,0,0,0,0,0,0
2026-05-18 14:39:55,PLC,0,Cmd303,0,0,0,0,0,0,0,0,0,0
2026-05-18 14:39:55,PLC,0,Cmd315,0,0,0,0,0,0,0,0,0,0
2026-05-18 14:39:56,PLC,0,Cmd140,0,0,0,0,0,0,0,0,0,0
2026-05-18 14:50:13,PLC,0,Cmd101,0,0,0,0,0,0,0,0,0,0
2026-05-18 14:50:15,PLC,-3,Cmd302,0,0,0,0,0,0,0,0,0,0
2026-05-18 14:50:18,PLC,0,Cmd141,0,0,0,0,0,0,0,0,0,0
2026-05-18 14:50:18,PLC,0,Cmd106,0,0,0,0,0,0,0,0,0,0
2026-05-18 14:50:19,PLC,0,Cmd1,0,0,0,0,0,0,0,0,0,0
2026-05-18 14:50:31,PLC,0,Cmd101,0,0,0,0,0,0,0,0,0,0
2026-05-18 14:50:32,PLC,0,Cmd700,0,0,0,0,0,0,0,0,0,0
2026-05-18 14:50:36,PLC,0,Cmd107,0,0,0,0,0,0,0,0,0,0
2026-05-18 14:50:52,PLC,0,Cmd302,0,0,0,0,0,0,0,0,0,0
2026-05-18 14:50:53,PLC,0,Cmd101,0,0,0,0,0,0,0,0,0,0
2026-05-18 14:50:54,PLC,0,Cmd107,0,0,0,0,0,0,0,0,0,0
2026-05-18 14:50:54,RPD,0,Cmd302,0,0,0,0,0,0,0,0,0,0
2026-05-18 14:51:00,PLC,0,Cmd107,1,0,0,0,0,0,0,0,0,0
2026-05-18 14:51:00,RPD,0,Cmd302,0,0,0,0,0,0,0,0,0,0
2026-05-18 14:51:01,PLC,0,Cmd204,0,0,0,0,0,0,0,0,0,0
2026-05-18 14:51:09,PLC,0,Cmd750,2,1,4,0,0,0,0,0,0,0
2026-05-18 14:51:09,RPD,0,Cmd401,1002,1,4,0,0,0,0,0,0,0
2026-05-18 14:51:09,RPD,0,Cmd422,0,1002,0,0,0,1,4,0,1,0
2026-05-18 14:52:31,PLC,0,Cmd421,26,159,49152,32,648,307,1,0,1,22
2026-05-18 14:53:13,PLC,0,Cmd101,0,0,0,0,0,0,0,0,0,0
2026-05-18 14:53:13,PLC,0,Cmd314,0,0,0,0,0,0,0,0,0,0
2026-05-18 14:53:17,PLC,0,Cmd413,0,0,0,0,0,0,0,0,0,0
2026-05-18 14:53:26,PLC,0,Cmd421,22,159,16386,0,0,308,1,2,1,51
2026-05-18 14:55:55,PLC,0,Cmd101,0,0,0,0,0,0,0,0,0,0
2026-05-18 14:55:55,PLC,0,Cmd314,0,0,0,0,0,0,0,0,0,0
2026-05-18 14:57:54,PLC,0,Cmd413,0,0,0,0,0,0,0,0,0,0
2026-05-18 14:58:02,PLC,0,Cmd421,0,159,16386,0,0,291,1,2,1,51
2026-05-18 15:00:03,PLC,0,Cmd101,0,0,0,0,0,0,0,0,0,0
2026-05-18 15:00:03,PLC,0,Cmd314,0,0,0,0,0,0,0,0,0,0
2026-05-18 15:00:09,PLC,0,Cmd421,25,1,16386,0,0,436,1,2,1,218
2026-05-18 15:01:54,PLC,0,Cmd101,0,0,0,0,0,0,0,0,0,0
2026-05-18 15:01:55,PLC,0,Cmd314,0,0,0,0,0,0,0,0,0,0
2026-05-18 15:02:54,PLC,0,Cmd413,0,0,0,0,0,0,0,0,0,0
2026-05-18 15:03:00,PLC,0,Cmd421,0,1,16386,0,0,477,1,2,1,218
2026-05-18 15:05:08,PLC,0,Cmd101,0,0,0,0,0,0,0,0,0,0
2026-05-18 15:05:09,PLC,0,Cmd314,0,0,0,0,0,0,0,0,0,0
2026-05-18 15:06:45,PLC,0,Cmd750,2,2,4,0,0,0,0,0,0,0
2026-05-18 15:06:45,RPD,0,Cmd401,1002,2,4,0,0,0,0,0,0,0
2026-05-18 15:06:45,RPD,0,Cmd422,0,1002,0,0,0,2,4,0,1,0
2026-05-18 15:07:09,PLC,0,Cmd421,22,64,16385,0,0,378,1,2,1,5
2026-05-18 15:08:12,PLC,0,Cmd101,0,0,0,0,0,0,0,0,0,0
2026-05-18 15:08:13,PLC,0,Cmd314,0,0,0,0,0,0,0,0,0,0
2026-05-18 15:11:52,PLC,0,Cmd413,0,0,0,0,0,0,0,0,0,0
2026-05-18 15:11:59,PLC,0,Cmd421,0,64,16385,0,0,320,1,2,1,5
2026-05-18 15:13:58,PLC,0,Cmd101,0,0,0,0,0,0,0,0,0,0
2026-05-18 15:13:59,PLC,0,Cmd314,0,0,0,0,0,0,0,0,0,0
2026-05-18 15:14:04,PLC,0,Cmd421,53,1,16385,0,0,494,2,0,1,126
2026-05-18 15:15:50,PLC,0,Cmd101,0,0,0,0,0,0,0,0,0,0
2026-05-18 15:15:51,PLC,0,Cmd314,0,0,0,0,0,0,0,0,0,0
2026-05-18 15:15:57,PLC,0,Cmd413,0,0,0,0,0,0,0,0,0,0
2026-05-18 15:16:03,PLC,0,Cmd421,51,65,16386,0,0,650,1,2,1,4
2026-05-18 15:18:30,PLC,0,Cmd101,0,0,0,0,0,0,0,0,0,0
2026-05-18 15:18:30,PLC,0,Cmd314,0,0,0,0,0,0,0,0,0,0
2026-05-18 15:19:51,PLC,0,Cmd413,0,0,0,0,0,0,0,0,0,0
2026-05-18 15:20:03,PLC,0,Cmd421,0,65,16386,0,0,247,1,2,1,4
2026-05-18 15:22:42,PLC,0,Cmd101,0,0,0,0,0,0,0,0,0,0
2026-05-18 15:22:42,PLC,0,Cmd314,0,0,0,0,0,0,0,0,0,0
2026-05-18 15:22:46,PLC,0,Cmd421,22,19,16386,0,0,468,2,2,1,37
2026-05-18 15:24:48,PLC,0,Cmd101,0,0,0,0,0,0,0,0,0,0
2026-05-18 15:24:48,PLC,0,Cmd314,0,0,0,0,0,0,0,0,0,0
2026-05-18 15:24:56,PLC,0,Cmd413,0,0,0,0,0,0,0,0,0,0
2026-05-18 15:25:04,PLC,0,Cmd421,0,19,16386,0,0,446,2,2,1,37
2026-05-18 15:27:05,PLC,0,Cmd101,0,0,0,0,0,0,0,0,0,0
2026-05-18 15:27:06,PLC,0,Cmd314,0,0,0,0,0,0,0,0,0,0
2026-05-18 15:27:11,PLC,0,Cmd421,25,3,16386,0,0,436,1,2,1,84
2026-05-18 15:28:57,PLC,0,Cmd101,0,0,0,0,0,0,0,0,0,0
2026-05-18 15:28:58,PLC,0,Cmd314,0,0,0,0,0,0,0,0,0,0
2026-05-18 15:29:43,PLC,0,Cmd413,0,0,0,0,0,0,0,0,0,0
2026-05-18 15:29:49,PLC,0,Cmd421,0,3,16386,0,0,477,1,2,1,84
2026-05-18 15:31:57,PLC,0,Cmd101,0,0,0,0,0,0,0,0,0,0
2026-05-18 15:31:57,PLC,0,Cmd314,0,0,0,0,0,0,0,0,0,0
2026-05-18 15:32:03,PLC,0,Cmd421,22,9,16448,0,0,258,2,2,1,219
2026-05-18 15:34:02,PLC,0,Cmd101,0,0,0,0,0,0,0,0,0,0
2026-05-18 15:34:03,PLC,0,Cmd314,0,0,0,0,0,0,0,0,0,0
2026-05-18 15:36:58,PLC,0,Cmd413,0,0,0,0,0,0,0,0,0,0
2026-05-18 15:37:05,PLC,0,Cmd421,0,9,16448,0,0,292,2,2,1,219
2026-05-18 15:39:05,PLC,0,Cmd101,0,0,0,0,0,0,0,0,0,0
2026-05-18 15:39:05,PLC,0,Cmd314,0,0,0,0,0,0,0,0,0,0
2026-05-18 15:39:10,PLC,0,Cmd421,26,158,49152,32,0,50,1,0,1,169
2026-05-18 15:40:56,PLC,0,Cmd101,0,0,0,0,0,0,0,0,0,0
2026-05-18 15:40:56,PLC,0,Cmd314,0,0,0,0,0,0,0,0,0,0
2026-05-18 15:41:03,PLC,0,Cmd413,0,0,0,0,0,0,0,0,0,0
2026-05-18 15:41:12,PLC,0,Cmd421,53,1,49153,0,32,494,2,0,1,63
2026-05-18 15:42:44,PLC,0,Cmd101,0,0,0,0,0,0,0,0,0,0
2026-05-18 15:42:44,PLC,0,Cmd314,0,0,0,0,0,0,0,0,0,0
2026-05-18 15:45:16,PLC,0,Cmd413,0,0,0,0,0,0,0,0,0,0
2026-05-18 15:45:22,PLC,0,Cmd421,51,5,49154,0,6,650,2,2,1,82
2026-05-18 15:46:54,PLC,0,Cmd101,0,0,0,0,0,0,0,0,0,0
2026-05-18 15:46:54,PLC,0,Cmd314,0,0,0,0,0,0,0,0,0,0
2026-05-18 15:48:09,PLC,0,Cmd413,0,0,0,0,0,0,0,0,0,0
2026-05-18 15:48:20,PLC,0,Cmd421,0,5,49154,0,6,230,2,2,1,82
2026-05-18 15:49:46,PLC,0,Cmd101,0,0,0,0,0,0,0,0,0,0
2026-05-18 15:49:46,PLC,0,Cmd314,0,0,0,0,0,0,0,0,0,0
2026-05-18 15:50:45,PLC,0,Cmd750,2,3,4,0,0,0,0,0,0,0
2026-05-18 15:50:45,RPD,0,Cmd401,1002,3,4,0,0,0,0,0,0,0
2026-05-18 15:50:45,RPD,0,Cmd422,0,1002,0,0,0,3,4,0,1,0
2026-05-18 15:52:32,PLC,0,Cmd421,25,3,16448,0,0,436,1,2,1,245
2026-05-18 15:53:19,PLC,0,Cmd101,0,0,0,0,0,0,0,0,0,0
2026-05-18 15:53:20,PLC,0,Cmd314,0,0,0,0,0,0,0,0,0,0
2026-05-18 15:57:23,PLC,0,Cmd413,0,0,0,0,0,0,0,0,0,0
2026-05-18 15:57:32,PLC,0,Cmd421,0,3,16448,0,0,477,1,2,1,245
2026-05-18 15:59:37,PLC,0,Cmd101,0,0,0,0,0,0,0,0,0,0
2026-05-18 15:59:37,PLC,0,Cmd314,0,0,0,0,0,0,0,0,0,0
2026-05-18 15:59:43,PLC,0,Cmd421,26,19,49152,1333,652,337,1,0,1,102
2026-05-18 16:02:06,PLC,0,Cmd101,0,0,0,0,0,0,0,0,0,0
2026-05-18 16:02:06,PLC,0,Cmd314,0,0,0,0,0,0,0,0,0,0
2026-05-18 16:02:10,PLC,0,Cmd413,0,0,0,0,0,0,0,0,0,0
2026-05-18 16:02:19,PLC,0,Cmd421,56,65,49152,1535,255,526,1,0,1,110
2026-05-18 16:05:46,PLC,0,Cmd101,0,0,0,0,0,0,0,0,0,0
2026-05-18 16:05:46,PLC,0,Cmd314,0,0,0,0,0,0,0,0,0,0
2026-05-18 16:05:53,PLC,0,Cmd413,0,0,0,0,0,0,0,0,0,0
2026-05-18 16:08:10,PLC,0,Cmd101,0,0,0,0,0,0,0,0,0,0
2026-05-18 16:08:13,PLC,0,Cmd101,0,0,0,0,0,0,0,0,0,0
2026-05-18 16:08:14,PLC,0,Cmd101,0,0,0,0,0,0,0,0,0,0
2026-05-18 16:08:15,PLC,0,Cmd101,0,0,0,0,0,0,0,0,0,0
2026-05-18 16:08:18,PLC,0,Cmd107,0,0,0,0,0,0,0,0,0,0
2026-05-18 16:08:18,RPD,0,Cmd302,0,0,0,0,0,0,0,0,0,0
2026-05-18 16:09:53,PLC,0,Cmd750,2,3,4,0,0,0,0,0,0,0
2026-05-18 16:09:53,RPD,0,Cmd401,1002,3,4,0,0,0,0,0,0,0
2026-05-18 16:09:53,RPD,0,Cmd422,0,1002,0,0,0,3,4,0,1,0
2026-05-18 16:10:43,PLC,0,Cmd750,2,4,4,0,0,0,0,0,0,0
2026-05-18 16:10:43,RPD,0,Cmd401,1002,4,4,0,0,0,0,0,0,0
2026-05-18 16:10:43,RPD,0,Cmd422,0,1002,0,0,0,4,4,0,1,0
2026-05-18 16:11:49,PLC,0,Cmd750,2,2,4,0,0,0,0,0,0,0
2026-05-18 16:11:49,RPD,0,Cmd401,1002,2,4,0,0,0,0,0,0,0
2026-05-18 16:11:49,RPD,0,Cmd422,0,1002,0,0,0,2,4,0,1,0
2026-05-18 16:16:16,PLC,0,Cmd421,25,3,16386,0,0,436,2,2,1,166
2026-05-18 16:17:04,PLC,0,Cmd101,0,0,0,0,0,0,0,0,0,0
2026-05-18 16:17:05,PLC,0,Cmd314,0,0,0,0,0,0,0,0,0,0
2026-05-18 16:21:05,PLC,0,Cmd413,0,0,0,0,0,0,0,0,0,0
2026-05-18 16:21:13,PLC,0,Cmd421,0,3,16386,0,0,477,2,2,1,166
2026-05-18 16:23:20,PLC,0,Cmd101,0,0,0,0,0,0,0,0,0,0
2026-05-18 16:23:21,PLC,0,Cmd314,0,0,0,0,0,0,0,0,0,0
2026-05-18 16:23:26,PLC,0,Cmd421,22,8,16386,0,0,348,2,2,1,85
2026-05-18 16:25:17,PLC,0,Cmd101,0,0,0,0,0,0,0,0,0,0
2026-05-18 16:25:18,PLC,0,Cmd314,0,0,0,0,0,0,0,0,0,0
2026-05-18 16:25:59,PLC,0,Cmd413,0,0,0,0,0,0,0,0,0,0
2026-05-18 16:26:08,PLC,0,Cmd421,0,8,16386,0,0,306,2,2,1,85
2026-05-18 16:28:10,PLC,0,Cmd101,0,0,0,0,0,0,0,0,0,0
2026-05-18 16:28:10,PLC,0,Cmd314,0,0,0,0,0,0,0,0,0,0
2026-05-18 16:29:42,PLC,0,Cmd750,2,4,4,0,0,0,0,0,0,0
2026-05-18 16:29:42,RPD,0,Cmd401,1002,4,4,0,0,0,0,0,0,0
2026-05-18 16:29:42,RPD,0,Cmd422,0,1002,0,0,0,4,4,0,1,0
2026-05-18 16:31:17,PLC,0,Cmd750,2,3,4,0,0,0,0,0,0,0
2026-05-18 16:31:17,RPD,0,Cmd401,1002,3,4,0,0,0,0,0,0,0
2026-05-18 16:31:17,RPD,0,Cmd422,0,1002,0,0,0,3,4,0,1,0
2026-05-18 16:39:11,PLC,0,Cmd421,26,73,49152,32,648,297,1,0,1,113
2026-05-18 16:39:47,PLC,0,Cmd101,0,0,0,0,0,0,0,0,0,0
2026-05-18 16:39:48,PLC,0,Cmd314,0,0,0,0,0,0,0,0,0,0
2026-05-18 16:41:32,PLC,0,Cmd413,0,0,0,0,0,0,0,0,0,0
2026-05-18 16:41:41,PLC,0,Cmd421,26,117,49152,1983,17150,501,1,0,1,209
2026-05-18 16:44:09,PLC,0,Cmd101,0,0,0,0,0,0,0,0,0,0
2026-05-18 16:44:10,PLC,0,Cmd314,0,0,0,0,0,0,0,0,0,0
2026-05-18 16:50:01,PLC,0,Cmd413,0,0,0,0,0,0,0,0,0,0
2026-05-18 16:51:21,PLC,0,Cmd421,53,1,16386,0,0,494,1,0,1,145
2026-05-18 16:55:11,PLC,0,Cmd101,0,0,0,0,0,0,0,0,0,0
2026-05-18 16:55:11,PLC,0,Cmd314,0,0,0,0,0,0,0,0,0,0
2026-05-18 16:55:18,PLC,0,Cmd413,0,0,0,0,0,0,0,0,0,0
2026-05-18 16:57:30,PLC,0,Cmd750,2,4,4,0,0,0,0,0,0,0
2026-05-18 16:57:31,RPD,0,Cmd401,1002,4,4,0,0,0,0,0,0,0
2026-05-18 16:57:31,RPD,0,Cmd422,0,1002,0,0,0,4,4,0,1,0
2026-05-18 17:14:45,PLC,0,Cmd421,56,34,49152,1535,255,530,2,0,1,46
2026-05-18 17:15:33,PLC,0,Cmd101,0,0,0,0,0,0,0,0,0,0
2026-05-18 17:15:34,PLC,0,Cmd314,0,0,0,0,0,0,0,0,0,0
2026-05-18 17:15:37,PLC,0,Cmd413,0,0,0,0,0,0,0,0,0,0
2026-05-18 17:17:49,PLC,0,Cmd101,0,0,0,0,0,0,0,0,0,0
2026-05-18 17:17:50,PLC,0,Cmd101,0,0,0,0,0,0,0,0,0,0
2026-05-18 17:17:52,PLC,0,Cmd101,0,0,0,0,0,0,0,0,0,0
2026-05-18 17:17:54,PLC,0,Cmd107,0,0,0,0,0,0,0,0,0,0
2026-05-18 17:17:54,RPD,0,Cmd302,0,0,0,0,0,0,0,0,0,0
2026-05-18 17:19:30,PLC,0,Cmd750,2,1,4,0,0,0,0,0,0,0
2026-05-18 17:19:30,RPD,0,Cmd401,1002,1,4,0,0,0,0,0,0,0
2026-05-18 17:19:30,RPD,0,Cmd422,0,1002,0,0,0,1,4,0,1,0
2026-05-18 17:22:41,PLC,0,Cmd421,51,34,16386,0,0,650,2,2,1,139
2026-05-18 17:23:41,PLC,0,Cmd101,0,0,0,0,0,0,0,0,0,0
2026-05-18 17:23:41,PLC,0,Cmd314,0,0,0,0,0,0,0,0,0,0
2026-05-18 17:26:37,PLC,0,Cmd413,0,0,0,0,0,0,0,0,0,0
2026-05-18 17:26:48,PLC,0,Cmd421,0,34,16386,0,0,229,2,2,1,139
2026-05-18 17:29:28,PLC,0,Cmd101,0,0,0,0,0,0,0,0,0,0
2026-05-18 17:29:28,PLC,0,Cmd314,0,0,0,0,0,0,0,0,0,0
2026-05-18 17:31:15,PLC,0,Cmd750,2,1,4,0,0,0,0,0,0,0
2026-05-18 17:31:15,RPD,0,Cmd401,1002,1,4,0,0,0,0,0,0,0
2026-05-18 17:31:15,RPD,0,Cmd422,0,1002,0,0,0,1,4,0,1,0
2026-05-18 17:32:48,PLC,0,Cmd750,2,3,4,0,0,0,0,0,0,0
2026-05-18 17:32:48,RPD,0,Cmd401,1002,3,4,0,0,0,0,0,0,0
2026-05-18 17:32:48,RPD,0,Cmd422,0,1002,0,0,0,3,4,0,1,0
2026-05-18 17:40:10,PLC,0,Cmd421,51,97,49160,0,1283,407,1,2,1,33
2026-05-18 17:40:54,PLC,0,Cmd101,0,0,0,0,0,0,0,0,0,0
2026-05-18 17:40:54,PLC,0,Cmd314,0,0,0,0,0,0,0,0,0,0
2026-05-18 17:43:55,PLC,0,Cmd413,0,0,0,0,0,0,0,0,0,0
2026-05-18 17:44:08,PLC,0,Cmd421,0,97,49160,0,1283,322,1,2,1,33
2026-05-18 17:46:47,PLC,0,Cmd101,0,0,0,0,0,0,0,0,0,0
2026-05-18 17:46:48,PLC,0,Cmd314,0,0,0,0,0,0,0,0,0,0
2026-05-18 17:46:51,PLC,0,Cmd421,25,1,16386,0,0,436,1,2,1,202
2026-05-18 17:47:50,PLC,0,Cmd101,0,0,0,0,0,0,0,0,0,0
2026-05-18 17:47:51,PLC,0,Cmd314,0,0,0,0,0,0,0,0,0,0
2026-05-18 17:48:45,PLC,0,Cmd413,0,0,0,0,0,0,0,0,0,0
2026-05-18 17:48:53,PLC,0,Cmd421,0,1,16386,0,0,477,1,2,1,202
2026-05-18 17:51:00,PLC,0,Cmd101,0,0,0,0,0,0,0,0,0,0
2026-05-18 17:51:01,PLC,0,Cmd314,0,0,0,0,0,0,0,0,0,0
2026-05-18 17:51:06,PLC,0,Cmd421,22,20,16386,0,0,230,2,2,1,163
2026-05-18 17:52:57,PLC,0,Cmd101,0,0,0,0,0,0,0,0,0,0
2026-05-18 17:52:57,PLC,0,Cmd314,0,0,0,0,0,0,0,0,0,0
2026-05-18 17:53:40,PLC,0,Cmd413,0,0,0,0,0,0,0,0,0,0
2026-05-18 17:53:46,PLC,0,Cmd421,0,20,16386,0,0,194,2,2,1,163
2026-05-18 17:55:47,PLC,0,Cmd101,0,0,0,0,0,0,0,0,0,0
2026-05-18 17:55:47,PLC,0,Cmd314,0,0,0,0,0,0,0,0,0,0
2026-05-18 17:56:05,PLC,0,Cmd421,22,34,16386,0,0,308,1,2,1,29
2026-05-18 17:57:38,PLC,0,Cmd101,0,0,0,0,0,0,0,0,0,0
2026-05-18 17:57:38,PLC,0,Cmd314,0,0,0,0,0,0,0,0,0,0
2026-05-18 18:00:48,PLC,0,Cmd413,0,0,0,0,0,0,0,0,0,0
2026-05-18 18:00:55,PLC,0,Cmd421,0,34,16386,0,0,294,1,2,1,29
2026-05-18 18:02:56,PLC,0,Cmd101,0,0,0,0,0,0,0,0,0,0
2026-05-18 18:02:57,PLC,0,Cmd314,0,0,0,0,0,0,0,0,0,0
2026-05-18 18:03:02,PLC,0,Cmd421,53,3,16386,0,0,494,2,0,1,31
2026-05-18 18:04:48,PLC,0,Cmd101,0,0,0,0,0,0,0,0,0,0
2026-05-18 18:04:48,PLC,0,Cmd314,0,0,0,0,0,0,0,0,0,0
2026-05-18 18:04:54,PLC,0,Cmd413,0,0,0,0,0,0,0,0,0,0
2026-05-18 18:05:00,PLC,0,Cmd421,22,102,16386,0,0,395,2,2,1,218
2026-05-18 18:07:25,PLC,0,Cmd101,0,0,0,0,0,0,0,0,0,0
2026-05-18 18:07:26,PLC,0,Cmd314,0,0,0,0,0,0,0,0,0,0
2026-05-18 18:09:35,PLC,0,Cmd413,0,0,0,0,0,0,0,0,0,0
2026-05-18 18:09:42,PLC,0,Cmd421,0,102,16386,0,0,323,2,2,1,218
2026-05-18 18:11:43,PLC,0,Cmd101,0,0,0,0,0,0,0,0,0,0
2026-05-18 18:11:44,PLC,0,Cmd314,0,0,0,0,0,0,0,0,0,0
2026-05-18 18:11:49,PLC,0,Cmd421,25,2,16386,0,0,419,1,2,1,103
2026-05-18 18:13:35,PLC,0,Cmd101,0,0,0,0,0,0,0,0,0,0
2026-05-18 18:13:35,PLC,0,Cmd314,0,0,0,0,0,0,0,0,0,0
2026-05-18 18:14:34,PLC,0,Cmd413,0,0,0,0,0,0,0,0,0,0
2026-05-18 18:14:41,PLC,0,Cmd421,0,2,16386,0,0,443,1,2,1,103
2026-05-18 18:16:49,PLC,0,Cmd101,0,0,0,0,0,0,0,0,0,0
2026-05-18 18:16:50,PLC,0,Cmd314,0,0,0,0,0,0,0,0,0,0
2026-05-18 18:16:55,PLC,0,Cmd421,56,19,49152,1534,254,544,1,0,1,111
2026-05-18 18:18:45,PLC,0,Cmd101,0,0,0,0,0,0,0,0,0,0
2026-05-18 18:18:46,PLC,0,Cmd314,0,0,0,0,0,0,0,0,0,0
2026-05-18 18:18:56,PLC,0,Cmd413,0,0,0,0,0,0,0,0,0,0
2026-05-18 18:19:05,PLC,0,Cmd421,51,19,16448,0,0,371,1,2,1,152
2026-05-18 18:22:36,PLC,0,Cmd101,0,0,0,0,0,0,0,0,0,0
2026-05-18 18:22:37,PLC,0,Cmd314,0,0,0,0,0,0,0,0,0,0
2026-05-18 18:22:50,PLC,0,Cmd413,0,0,0,0,0,0,0,0,0,0
2026-05-18 18:23:02,PLC,0,Cmd421,0,19,16448,0,0,379,1,2,1,152
2026-05-18 18:24:30,PLC,0,Cmd102,0,0,0,0,0,0,0,0,0,0
2026-05-18 18:24:44,PLC,0,Cmd101,0,0,0,0,0,0,0,0,0,0
2026-05-18 18:24:45,PLC,0,Cmd101,0,0,0,0,0,0,0,0,0,0
2026-05-18 18:24:46,PLC,0,Cmd101,0,0,0,0,0,0,0,0,0,0
2026-05-18 18:25:03,PLC,0,Cmd101,0,0,0,0,0,0,0,0,0,0
2026-05-18 18:25:04,PLC,0,Cmd101,0,0,0,0,0,0,0,0,0,0
2026-05-18 18:25:06,PLC,0,Cmd101,0,0,0,0,0,0,0,0,0,0
2026-05-18 18:25:08,PLC,0,Cmd107,0,0,0,0,0,0,0,0,0,0
2026-05-18 18:25:08,RPD,0,Cmd302,0,0,0,0,0,0,0,0,0,0
2026-05-18 18:25:12,PLC,0,Cmd102,0,0,0,0,0,0,0,0,0,0
2026-05-18 18:25:28,PLC,0,Cmd315,0,0,0,0,0,0,0,0,0,0
2026-05-18 18:25:28,PLC,0,Cmd303,0,0,0,0,0,0,0,0,0,0
2026-05-18 18:25:31,PLC,0,Cmd101,0,0,0,0,0,0,0,0,0,0
2026-05-18 18:25:32,PLC,0,Cmd107,0,0,0,0,0,0,0,0,0,0
2026-05-18 18:26:19,PLC,0,Cmd102,0,0,0,0,0,0,0,0,0,0
2026-05-18 18:26:44,PLC,0,Cmd101,0,0,0,0,0,0,0,0,0,0
2026-05-18 18:27:13,PLC,0,Cmd302,0,0,0,0,0,0,0,0,0,0
2026-05-18 18:27:14,PLC,0,Cmd314,0,0,0,0,0,0,0,0,0,0
2026-05-18 18:27:15,PLC,0,Cmd101,0,0,0,0,0,0,0,0,0,0
2026-05-18 18:27:17,PLC,0,Cmd107,0,0,0,0,0,0,0,0,0,0
2026-05-18 18:27:17,RPD,0,Cmd302,0,0,0,0,0,0,0,0,0,0
2026-05-18 18:27:27,PLC,0,Cmd101,0,0,0,0,0,0,0,0,0,0
2026-05-18 18:27:33,PLC,0,Cmd102,0,0,0,0,0,0,0,0,0,0
2026-05-18 18:27:37,PLC,0,Cmd302,0,0,0,0,0,0,0,0,0,0
2026-05-18 18:27:38,PLC,0,Cmd314,0,0,0,0,0,0,0,0,0,0
2026-05-18 18:27:40,PLC,0,Cmd101,0,0,0,0,0,0,0,0,0,0
2026-05-18 18:27:41,PLC,0,Cmd107,0,0,0,0,0,0,0,0,0,0
2026-05-18 18:27:41,RPD,0,Cmd302,0,0,0,0,0,0,0,0,0,0
2026-05-18 18:30:14,PLC,0,Cmd107,1,0,0,0,0,0,0,0,0,0
2026-05-18 18:30:14,RPD,0,Cmd302,0,0,0,0,0,0,0,0,0,0
2026-05-18 18:30:15,PLC,0,Cmd204,0,0,0,0,0,0,0,0,0,0
2026-05-18 18:30:17,PLC,0,Cmd303,0,0,0,0,0,0,0,0,0,0
2026-05-18 18:30:18,PLC,0,Cmd102,0,0,0,0,0,0,0,0,0,0
2026-05-18 18:30:18,PLC,0,Cmd302,0,0,0,0,0,0,0,0,0,0
2026-05-18 18:30:18,PLC,0,Cmd315,0,0,0,0,0,0,0,0,0,0
2026-05-18 18:30:19,PLC,0,Cmd101,0,0,0,0,0,0,0,0,0,0
2026-05-18 18:30:20,PLC,0,Cmd107,0,0,0,0,0,0,0,0,0,0
2026-05-18 18:30:20,RPD,0,Cmd302,0,0,0,0,0,0,0,0,0,0
2026-05-18 18:30:20,PLC,0,Cmd101,0,0,0,0,0,0,0,0,0,0
2026-05-18 18:30:52,PLC,0,Cmd111,0,0,0,0,0,0,0,0,0,0
2026-05-18 18:30:52,PLC,0,Cmd140,0,0,0,0,0,0,0,0,0,0
2026-05-18 18:31:51,PLC,0,Cmd101,0,0,0,0,0,0,0,0,0,0
2026-05-18 18:32:21,PLC,0,Cmd141,0,0,0,0,0,0,0,0,0,0
2026-05-18 18:32:21,PLC,0,Cmd101,0,0,0,0,0,0,0,0,0,0
2026-05-18 18:32:22,PLC,0,Cmd106,0,0,0,0,0,0,0,0,0,0
2026-05-18 18:32:23,PLC,0,Cmd1,0,0,0,0,0,0,0,0,0,0
2026-05-18 18:32:23,PLC,0,Cmd302,0,0,0,0,0,0,0,0,0,0
2026-05-18 18:32:26,PLC,0,Cmd107,0,0,0,0,0,0,0,0,0,0
2026-05-18 18:32:26,RPD,0,Cmd302,0,0,0,0,0,0,0,0,0,0
2026-05-18 18:32:27,PLC,0,Cmd101,0,0,0,0,0,0,0,0,0,0
2026-05-18 18:32:31,PLC,0,Cmd101,0,0,0,0,0,0,0,0,0,0
2026-05-18 18:33:57,PLC,0,Cmd421,51,19,49216,0,1025,650,1,2,1,152
2026-05-18 18:35:06,PLC,0,Cmd101,0,0,0,0,0,0,0,0,0,0
2026-05-18 18:35:06,PLC,0,Cmd314,0,0,0,0,0,0,0,0,0,0
2026-05-18 18:35:14,PLC,0,Cmd413,0,0,0,0,0,0,0,0,0,0
2026-05-18 18:35:25,PLC,0,Cmd421,0,19,49216,0,1025,650,1,2,1,152
2026-05-18 18:35:28,PLC,0,Cmd315,0,0,0,0,0,0,0,0,0,0
2026-05-18 18:35:29,PLC,0,Cmd303,0,0,0,0,0,0,0,0,0,0
2026-05-18 18:35:35,PLC,0,Cmd102,0,0,0,0,0,0,0,0,0,0
2026-05-18 18:35:53,PLC,0,Cmd302,0,0,0,0,0,0,0,0,0,0
2026-05-18 18:35:53,PLC,0,Cmd314,0,0,0,0,0,0,0,0,0,0
2026-05-18 18:35:56,PLC,0,Cmd101,0,0,0,0,0,0,0,0,0,0
2026-05-18 18:35:56,PLC,0,Cmd203,0,0,0,0,0,0,0,0,0,0
2026-05-18 18:35:58,PLC,0,Cmd107,0,0,0,0,0,0,0,0,0,0
2026-05-18 18:35:58,RPD,0,Cmd302,0,0,0,0,0,0,0,0,0,0
2026-05-18 18:36:14,PLC,0,Cmd102,0,0,0,0,0,0,0,0,0,0
2026-05-18 18:36:21,PLC,0,Cmd101,0,0,0,0,0,0,0,0,0,0
2026-05-18 18:36:21,PLC,0,Cmd203,0,0,0,0,0,0,0,0,0,0
2026-05-18 18:36:22,PLC,0,Cmd101,0,0,0,0,0,0,0,0,0,0
2026-05-18 18:36:22,PLC,0,Cmd203,0,0,0,0,0,0,0,0,0,0
2026-05-18 18:36:23,PLC,0,Cmd107,0,0,0,0,0,0,0,0,0,0
2026-05-18 18:36:23,RPD,0,Cmd302,0,0,0,0,0,0,0,0,0,0
2026-05-18 18:36:38,PLC,0,Cmd102,0,0,0,0,0,0,0,0,0,0
2026-05-18 18:36:43,PLC,0,Cmd101,0,0,0,0,0,0,0,0,0,0
2026-05-18 18:36:43,PLC,0,Cmd203,0,0,0,0,0,0,0,0,0,0
2026-05-18 18:36:44,PLC,0,Cmd107,0,0,0,0,0,0,0,0,0,0
2026-05-18 18:36:44,RPD,0,Cmd302,0,0,0,0,0,0,0,0,0,0
2026-05-18 18:37:00,PLC,0,Cmd102,0,0,0,0,0,0,0,0,0,0
2026-05-18 18:37:02,PLC,0,Cmd101,0,0,0,0,0,0,0,0,0,0
2026-05-18 18:37:02,PLC,0,Cmd203,0,0,0,0,0,0,0,0,0,0
2026-05-18 18:37:03,PLC,0,Cmd107,0,0,0,0,0,0,0,0,0,0
2026-05-18 18:37:03,RPD,0,Cmd302,0,0,0,0,0,0,0,0,0,0
2026-05-18 18:37:17,PLC,0,Cmd101,0,0,0,0,0,0,0,0,0,0
2026-05-18 18:37:17,PLC,0,Cmd203,0,0,0,0,0,0,0,0,0,0
2026-05-18 18:37:46,PLC,0,Cmd315,0,0,0,0,0,0,0,0,0,0
2026-05-18 18:37:46,PLC,0,Cmd303,0,0,0,0,0,0,0,0,0,0
2026-05-18 18:37:52,PLC,0,Cmd102,0,0,0,0,0,0,0,0,0,0
2026-05-18 18:38:00,PLC,0,Cmd428,0,0,0,0,0,0,0,0,0,0
2026-05-18 18:38:01,PLC,0,Cmd107,1,0,0,0,0,0,0,0,0,0
2026-05-18 18:38:02,PLC,0,Cmd204,0,0,0,0,0,0,0,0,0,0
2026-05-18 18:38:06,PLC,0,Cmd101,0,0,0,0,0,0,0,0,0,0
2026-05-18 18:38:14,PLC,0,Cmd101,0,0,0,0,0,0,0,0,0,0
2026-05-18 18:38:15,PLC,0,Cmd314,0,0,0,0,0,0,0,0,0,0
2026-05-18 18:38:24,PLC,0,Cmd107,1,0,0,0,0,0,0,0,0,0
2026-05-18 18:38:25,PLC,0,Cmd204,0,0,0,0,0,0,0,0,0,0
2026-05-18 18:38:25,PLC,0,Cmd303,0,0,0,0,0,0,0,0,0,0
2026-05-18 18:38:26,PLC,0,Cmd315,0,0,0,0,0,0,0,0,0,0
2026-05-18 18:38:26,PLC,0,Cmd302,0,0,0,0,0,0,0,0,0,0
2026-05-18 18:38:27,PLC,0,Cmd101,0,0,0,0,0,0,0,0,0,0
2026-05-18 18:38:29,PLC,0,Cmd107,0,0,0,0,0,0,0,0,0,0
2026-05-18 18:38:29,RPD,0,Cmd302,0,0,0,0,0,0,0,0,0,0
2026-05-18 18:38:30,PLC,0,Cmd101,0,0,0,0,0,0,0,0,0,0
2026-05-18 18:38:35,PLC,0,Cmd101,0,0,0,0,0,0,0,0,0,0
2026-05-18 18:38:36,PLC,0,Cmd107,0,0,0,0,0,0,0,0,0,0
2026-05-18 18:38:36,RPD,0,Cmd302,0,0,0,0,0,0,0,0,0,0
2026-05-18 18:38:40,PLC,0,Cmd107,1,0,0,0,0,0,0,0,0,0
2026-05-18 18:38:40,RPD,0,Cmd302,0,0,0,0,0,0,0,0,0,0
2026-05-18 18:38:41,PLC,0,Cmd204,0,0,0,0,0,0,0,0,0,0
2026-05-18 18:38:42,PLC,0,Cmd101,0,0,0,0,0,0,0,0,0,0
2026-05-18 18:38:42,PLC,0,Cmd750,2,1,4,0,0,0,0,0,0,0
2026-05-18 18:38:42,RPD,0,Cmd401,1002,1,4,0,0,0,0,0,0,0
2026-05-18 18:38:42,RPD,0,Cmd422,0,1002,0,0,0,1,4,0,1,0
2026-05-18 18:38:43,PLC,0,Cmd203,0,0,0,0,0,0,0,0,0,0
2026-05-18 18:38:52,PLC,0,Cmd101,0,0,0,0,0,0,0,0,0,0
2026-05-18 18:38:54,PLC,0,Cmd107,0,0,0,0,0,0,0,0,0,0
2026-05-18 18:38:54,RPD,0,Cmd302,0,0,0,0,0,0,0,0,0,0
2026-05-18 18:39:34,PLC,0,Cmd421,51,8,16385,0,0,204,1,2,1,126
2026-05-18 18:40:23,PLC,0,Cmd101,0,0,0,0,0,0,0,0,0,0
2026-05-18 18:40:24,PLC,0,Cmd314,0,0,0,0,0,0,0,0,0,0
2026-05-18 18:44:17,PLC,0,Cmd413,0,0,0,0,0,0,0,0,0,0
2026-05-18 18:44:26,PLC,0,Cmd421,0,8,16385,0,0,169,1,2,1,126
2026-05-18 18:45:47,PLC,0,Cmd101,0,0,0,0,0,0,0,0,0,0
2026-05-18 18:45:47,PLC,0,Cmd314,0,0,0,0,0,0,0,0,0,0
2026-05-18 18:45:53,PLC,0,Cmd421,25,3,16386,0,0,436,2,2,1,230
2026-05-18 18:47:07,PLC,0,Cmd101,0,0,0,0,0,0,0,0,0,0
2026-05-18 18:47:08,PLC,0,Cmd314,0,0,0,0,0,0,0,0,0,0
2026-05-18 18:49:48,PLC,0,Cmd413,0,0,0,0,0,0,0,0,0,0
2026-05-18 18:49:57,PLC,0,Cmd421,0,3,16386,0,0,477,2,2,1,230
2026-05-18 18:52:04,PLC,0,Cmd101,0,0,0,0,0,0,0,0,0,0
2026-05-18 18:52:05,PLC,0,Cmd314,0,0,0,0,0,0,0,0,0,0
2026-05-18 18:52:10,PLC,0,Cmd421,22,7,16386,0,0,303,2,2,1,84
2026-05-18 18:54:46,PLC,0,Cmd101,0,0,0,0,0,0,0,0,0,0
2026-05-18 18:54:47,PLC,0,Cmd314,0,0,0,0,0,0,0,0,0,0
2026-05-18 18:55:00,PLC,0,Cmd413,0,0,0,0,0,0,0,0,0,0
2026-05-18 18:55:08,PLC,0,Cmd421,0,7,16386,0,0,302,2,2,1,84
2026-05-18 18:57:22,PLC,0,Cmd101,0,0,0,0,0,0,0,0,0,0
2026-05-18 18:57:23,PLC,0,Cmd314,0,0,0,0,0,0,0,0,0,0
2026-05-18 18:57:40,PLC,0,Cmd421,53,1,16385,0,0,494,1,0,1,203
2026-05-18 18:59:14,PLC,0,Cmd101,0,0,0,0,0,0,0,0,0,0
2026-05-18 18:59:15,PLC,0,Cmd314,0,0,0,0,0,0,0,0,0,0
2026-05-18 18:59:32,PLC,0,Cmd413,0,0,0,0,0,0,0,0,0,0
2026-05-18 18:59:38,PLC,0,Cmd421,26,136,53248,0,128,119,1,0,1,201
2026-05-18 19:02:04,PLC,0,Cmd101,0,0,0,0,0,0,0,0,0,0
2026-05-18 19:02:04,PLC,0,Cmd314,0,0,0,0,0,0,0,0,0,0
2026-05-18 19:02:10,PLC,0,Cmd413,0,0,0,0,0,0,0,0,0,0
2026-05-18 19:02:26,PLC,0,Cmd421,26,159,49152,32,0,50,1,0,1,169
2026-05-18 19:03:47,PLC,0,Cmd101,0,0,0,0,0,0,0,0,0,0
2026-05-18 19:03:47,PLC,0,Cmd314,0,0,0,0,0,0,0,0,0,0
2026-05-18 19:03:54,PLC,0,Cmd413,0,0,0,0,0,0,0,0,0,0
2026-05-18 19:04:05,PLC,0,Cmd421,25,2,16448,0,0,419,2,2,1,60
2026-05-18 19:05:35,PLC,0,Cmd101,0,0,0,0,0,0,0,0,0,0
2026-05-18 19:05:35,PLC,0,Cmd314,0,0,0,0,0,0,0,0,0,0
2026-05-18 19:08:49,PLC,0,Cmd413,0,0,0,0,0,0,0,0,0,0
2026-05-18 19:08:58,PLC,0,Cmd421,0,2,16448,0,0,443,2,2,1,60
2026-05-18 19:11:02,PLC,0,Cmd101,0,0,0,0,0,0,0,0,0,0
2026-05-18 19:11:03,PLC,0,Cmd314,0,0,0,0,0,0,0,0,0,0
2026-05-18 19:11:08,PLC,0,Cmd421,51,27,49154,0,256,650,2,2,1,12
2026-05-18 19:12:59,PLC,0,Cmd101,0,0,0,0,0,0,0,0,0,0
2026-05-18 19:12:59,PLC,0,Cmd314,0,0,0,0,0,0,0,0,0,0
2026-05-18 19:13:05,PLC,0,Cmd413,0,0,0,0,0,0,0,0,0,0
2026-05-18 19:13:17,PLC,0,Cmd421,0,27,49154,0,256,281,2,2,1,12
2026-05-18 19:14:54,PLC,0,Cmd101,0,0,0,0,0,0,0,0,0,0
2026-05-18 19:14:54,PLC,0,Cmd314,0,0,0,0,0,0,0,0,0,0
2026-05-18 19:15:11,PLC,0,Cmd750,2,2,4,0,0,0,0,0,0,0
2026-05-18 19:15:11,RPD,0,Cmd401,1002,2,4,0,0,0,0,0,0,0
2026-05-18 19:15:11,RPD,0,Cmd422,0,1002,0,0,0,2,4,0,1,0
2026-05-18 19:15:56,PLC,0,Cmd750,2,1,4,0,0,0,0,0,0,0
2026-05-18 19:15:56,RPD,0,Cmd401,1002,1,4,0,0,0,0,0,0,0
2026-05-18 19:15:56,RPD,0,Cmd422,0,1002,0,0,0,1,4,0,1,0
2026-05-18 19:17:52,PLC,0,Cmd750,2,3,4,0,0,0,0,0,0,0
2026-05-18 19:17:52,RPD,0,Cmd401,1002,3,4,0,0,0,0,0,0,0
2026-05-18 19:17:52,RPD,0,Cmd422,0,1002,0,0,0,3,4,0,1,0
2026-05-18 19:34:14,PLC,0,Cmd421,26,5,49152,289,648,277,1,0,1,180
2026-05-18 19:34:50,PLC,0,Cmd101,0,0,0,0,0,0,0,0,0,0
2026-05-18 19:34:51,PLC,0,Cmd314,0,0,0,0,0,0,0,0,0,0
2026-05-18 19:34:57,PLC,0,Cmd413,0,0,0,0,0,0,0,0,0,0
2026-05-18 19:37:11,PLC,0,Cmd421,26,35,49152,1333,654,275,1,0,1,101
2026-05-18 19:37:53,PLC,0,Cmd101,0,0,0,0,0,0,0,0,0,0
2026-05-18 19:37:54,PLC,0,Cmd314,0,0,0,0,0,0,0,0,0,0
2026-05-18 19:37:57,PLC,0,Cmd413,0,0,0,0,0,0,0,0,0,0
2026-05-18 19:41:14,PLC,0,Cmd750,2,4,4,0,0,0,0,0,0,0
2026-05-18 19:41:14,RPD,0,Cmd401,1002,4,4,0,0,0,0,0,0,0
2026-05-18 19:41:14,RPD,0,Cmd422,0,1002,0,0,0,4,4,0,1,0
2026-05-18 19:41:56,PLC,0,Cmd421,25,3,16385,0,0,468,1,2,1,48
2026-05-18 19:43:40,PLC,0,Cmd101,0,0,0,0,0,0,0,0,0,0
2026-05-18 19:43:40,PLC,0,Cmd314,0,0,0,0,0,0,0,0,0,0
2026-05-18 19:46:46,PLC,0,Cmd413,0,0,0,0,0,0,0,0,0,0
2026-05-18 19:46:53,PLC,0,Cmd421,0,3,16385,0,0,477,1,2,1,48
2026-05-18 19:48:59,PLC,0,Cmd101,0,0,0,0,0,0,0,0,0,0
2026-05-18 19:49:00,PLC,0,Cmd314,0,0,0,0,0,0,0,0,0,0
2026-05-18 19:49:59,PLC,0,Cmd421,22,20,16386,0,0,230,2,2,1,37
2026-05-18 19:50:57,PLC,0,Cmd101,0,0,0,0,0,0,0,0,0,0
2026-05-18 19:50:58,PLC,0,Cmd314,0,0,0,0,0,0,0,0,0,0
2026-05-18 19:54:42,PLC,0,Cmd413,0,0,0,0,0,0,0,0,0,0
2026-05-18 19:54:51,PLC,0,Cmd421,0,20,16386,0,0,194,2,2,1,37
2026-05-18 19:56:52,PLC,0,Cmd101,0,0,0,0,0,0,0,0,0,0
2026-05-18 19:56:52,PLC,0,Cmd314,0,0,0,0,0,0,0,0,0,0
2026-05-18 19:57:09,PLC,0,Cmd421,26,41,53248,32,136,267,1,0,1,106
2026-05-18 19:58:43,PLC,0,Cmd101,0,0,0,0,0,0,0,0,0,0
2026-05-18 19:58:44,PLC,0,Cmd314,0,0,0,0,0,0,0,0,0,0
2026-05-18 19:59:29,PLC,0,Cmd413,0,0,0,0,0,0,0,0,0,0
2026-05-18 20:01:47,PLC,0,Cmd750,2,1,4,0,0,0,0,0,0,0
2026-05-18 20:01:47,RPD,0,Cmd401,1002,1,4,0,0,0,0,0,0,0
2026-05-18 20:01:47,RPD,0,Cmd422,0,1002,0,0,0,1,4,0,1,0
2026-05-18 20:01:47,PLC,0,Cmd421,22,41,20544,0,0,359,1,2,1,171
2026-05-18 20:03:22,PLC,0,Cmd101,0,0,0,0,0,0,0,0,0,0
2026-05-18 20:03:22,PLC,0,Cmd314,0,0,0,0,0,0,0,0,0,0
2026-05-18 20:04:35,PLC,0,Cmd413,0,0,0,0,0,0,0,0,0,0
2026-05-18 20:04:42,PLC,0,Cmd421,0,41,20544,0,0,414,1,2,1,171
2026-05-18 20:06:40,PLC,0,Cmd101,0,0,0,0,0,0,0,0,0,0
2026-05-18 20:06:41,PLC,0,Cmd314,0,0,0,0,0,0,0,0,0,0
2026-05-18 20:08:13,PLC,0,Cmd750,2,3,4,0,0,0,0,0,0,0
2026-05-18 20:08:13,RPD,0,Cmd401,1002,3,4,0,0,0,0,0,0,0
2026-05-18 20:08:13,RPD,0,Cmd422,0,1002,0,0,0,3,4,0,1,0
2026-05-18 20:08:21,PLC,0,Cmd421,53,3,16392,0,0,494,2,0,1,148
2026-05-18 20:09:37,PLC,0,Cmd101,0,0,0,0,0,0,0,0,0,0
2026-05-18 20:09:37,PLC,0,Cmd314,0,0,0,0,0,0,0,0,0,0
2026-05-18 20:11:51,PLC,0,Cmd413,0,0,0,0,0,0,0,0,0,0
2026-05-18 20:11:57,PLC,0,Cmd421,26,5,49152,1981,17146,495,1,0,1,2
2026-05-18 20:14:23,PLC,0,Cmd101,0,0,0,0,0,0,0,0,0,0
2026-05-18 20:14:24,PLC,0,Cmd314,0,0,0,0,0,0,0,0,0,0
2026-05-18 20:14:30,PLC,0,Cmd413,0,0,0,0,0,0,0,0,0,0
2026-05-18 20:14:46,PLC,0,Cmd421,22,8,16386,0,0,348,2,2,1,202
2026-05-18 20:19:26,PLC,0,Cmd101,0,0,0,0,0,0,0,0,0,0
2026-05-18 20:19:27,PLC,0,Cmd314,0,0,0,0,0,0,0,0,0,0
2026-05-18 20:19:32,PLC,0,Cmd413,0,0,0,0,0,0,0,0,0,0
2026-05-18 20:19:41,PLC,0,Cmd421,0,8,16386,0,0,306,2,2,1,202
2026-05-18 20:21:42,PLC,0,Cmd101,0,0,0,0,0,0,0,0,0,0
2026-05-18 20:21:43,PLC,0,Cmd314,0,0,0,0,0,0,0,0,0,0
2026-05-18 20:23:14,PLC,0,Cmd750,2,3,4,0,0,0,0,0,0,0
2026-05-18 20:23:14,RPD,0,Cmd401,1002,3,4,0,0,0,0,0,0,0
2026-05-18 20:23:14,RPD,0,Cmd422,0,1002,0,0,0,3,4,0,1,0
2026-05-18 20:24:00,PLC,0,Cmd750,2,1,4,0,0,0,0,0,0,0
2026-05-18 20:24:00,RPD,0,Cmd401,1002,1,4,0,0,0,0,0,0,0
2026-05-18 20:24:00,RPD,0,Cmd422,0,1002,0,0,0,1,4,0,1,0
2026-05-18 20:25:03,PLC,0,Cmd421,53,1,16385,0,0,494,1,0,1,207
2026-05-18 20:25:51,PLC,0,Cmd101,0,0,0,0,0,0,0,0,0,0
2026-05-18 20:25:51,PLC,0,Cmd314,0,0,0,0,0,0,0,0,0,0
2026-05-18 20:31:33,PLC,0,Cmd413,0,0,0,0,0,0,0,0,0,0
2026-05-18 20:31:39,PLC,0,Cmd421,26,20,49152,1333,652,239,1,0,1,102
2026-05-18 20:34:03,PLC,0,Cmd101,0,0,0,0,0,0,0,0,0,0
2026-05-18 20:34:04,PLC,0,Cmd314,0,0,0,0,0,0,0,0,0,0
2026-05-18 20:34:11,PLC,0,Cmd413,0,0,0,0,0,0,0,0,0,0
2026-05-18 20:34:28,PLC,0,Cmd421,26,55,49152,32,648,341,2,0,1,175
2026-05-18 20:37:47,PLC,0,Cmd101,0,0,0,0,0,0,0,0,0,0
2026-05-18 20:37:47,PLC,0,Cmd314,0,0,0,0,0,0,0,0,0,0
2026-05-18 20:37:54,PLC,0,Cmd413,0,0,0,0,0,0,0,0,0,0
2026-05-18 20:40:13,PLC,0,Cmd750,2,1,4,0,0,0,0,0,0,0
2026-05-18 20:40:13,RPD,0,Cmd401,1002,1,4,0,0,0,0,0,0,0
2026-05-18 20:40:13,RPD,0,Cmd422,0,1002,0,0,0,1,4,0,1,0
2026-05-18 20:40:13,PLC,0,Cmd421,22,55,16448,0,0,285,2,2,1,133
2026-05-18 20:41:44,PLC,0,Cmd101,0,0,0,0,0,0,0,0,0,0
2026-05-18 20:41:45,PLC,0,Cmd314,0,0,0,0,0,0,0,0,0,0
2026-05-18 20:42:36,PLC,0,Cmd413,0,0,0,0,0,0,0,0,0,0
2026-05-18 20:42:44,PLC,0,Cmd421,0,55,16448,0,0,395,2,2,1,133
2026-05-18 20:44:44,PLC,0,Cmd101,0,0,0,0,0,0,0,0,0,0
2026-05-18 20:44:44,PLC,0,Cmd314,0,0,0,0,0,0,0,0,0,0
2026-05-18 20:44:50,PLC,0,Cmd421,25,1,16386,0,0,436,2,2,1,59
2026-05-18 20:46:35,PLC,0,Cmd101,0,0,0,0,0,0,0,0,0,0
2026-05-18 20:46:36,PLC,0,Cmd314,0,0,0,0,0,0,0,0,0,0
2026-05-18 20:47:36,PLC,0,Cmd413,0,0,0,0,0,0,0,0,0,0
2026-05-18 20:47:42,PLC,0,Cmd421,0,1,16386,0,0,477,2,2,1,59
2026-05-18 20:49:49,PLC,0,Cmd101,0,0,0,0,0,0,0,0,0,0
2026-05-18 20:49:50,PLC,0,Cmd314,0,0,0,0,0,0,0,0,0,0
2026-05-18 20:49:55,PLC,0,Cmd421,56,5,49152,1535,255,380,1,0,1,91
2026-05-18 20:51:46,PLC,0,Cmd101,0,0,0,0,0,0,0,0,0,0
2026-05-18 20:51:46,PLC,0,Cmd314,0,0,0,0,0,0,0,0,0,0
2026-05-18 20:51:53,PLC,0,Cmd413,0,0,0,0,0,0,0,0,0,0
2026-05-18 20:52:01,PLC,0,Cmd421,51,5,16386,0,0,650,1,2,1,145
2026-05-18 20:55:55,PLC,0,Cmd101,0,0,0,0,0,0,0,0,0,0
2026-05-18 20:55:55,PLC,0,Cmd314,0,0,0,0,0,0,0,0,0,0
2026-05-18 20:56:02,PLC,0,Cmd413,0,0,0,0,0,0,0,0,0,0
2026-05-18 20:56:14,PLC,0,Cmd421,0,5,16386,0,0,230,1,2,1,145
2026-05-18 20:58:53,PLC,0,Cmd101,0,0,0,0,0,0,0,0,0,0
2026-05-18 20:58:54,PLC,0,Cmd314,0,0,0,0,0,0,0,0,0,0
2026-05-18 20:58:56,PLC,0,Cmd421,26,98,49152,1056,650,261,2,0,1,197
2026-05-18 21:00:58,PLC,0,Cmd101,0,0,0,0,0,0,0,0,0,0
2026-05-18 21:00:59,PLC,0,Cmd314,0,0,0,0,0,0,0,0,0,0
2026-05-18 21:01:06,PLC,0,Cmd413,0,0,0,0,0,0,0,0,0,0
2026-05-18 21:03:42,PLC,0,Cmd750,2,3,4,0,0,0,0,0,0,0
2026-05-18 21:03:42,RPD,0,Cmd401,1002,3,4,0,0,0,0,0,0,0
2026-05-18 21:03:42,RPD,0,Cmd422,0,1002,0,0,0,3,4,0,1,0
2026-05-18 21:04:32,PLC,0,Cmd750,2,1,4,0,0,0,0,0,0,0
2026-05-18 21:04:32,RPD,0,Cmd401,1002,1,4,0,0,0,0,0,0,0
2026-05-18 21:04:32,RPD,0,Cmd422,0,1002,0,0,0,1,4,0,1,0
2026-05-18 21:07:30,PLC,0,Cmd421,25,1,16386,0,0,436,1,2,1,66
2026-05-18 21:08:18,PLC,0,Cmd101,0,0,0,0,0,0,0,0,0,0
2026-05-18 21:08:18,PLC,0,Cmd314,0,0,0,0,0,0,0,0,0,0
2026-05-18 21:12:39,PLC,0,Cmd413,0,0,0,0,0,0,0,0,0,0
2026-05-18 21:12:47,PLC,0,Cmd421,0,1,16386,0,0,477,1,2,1,66
2026-05-18 21:14:53,PLC,0,Cmd101,0,0,0,0,0,0,0,0,0,0
2026-05-18 21:14:53,PLC,0,Cmd314,0,0,0,0,0,0,0,0,0,0
2026-05-18 21:27:08,PLC,0,Cmd421,26,112,49152,289,648,245,1,0,1,186
2026-05-18 21:27:51,PLC,0,Cmd101,0,0,0,0,0,0,0,0,0,0
2026-05-18 21:27:52,PLC,0,Cmd314,0,0,0,0,0,0,0,0,0,0
2026-05-18 21:27:55,PLC,0,Cmd413,0,0,0,0,0,0,0,0,0,0
2026-05-18 21:28:05,PLC,0,Cmd421,22,112,16386,0,0,308,1,2,1,103
2026-05-18 21:30:33,PLC,0,Cmd101,0,0,0,0,0,0,0,0,0,0
2026-05-18 21:30:34,PLC,0,Cmd314,0,0,0,0,0,0,0,0,0,0
2026-05-18 21:33:16,PLC,0,Cmd413,0,0,0,0,0,0,0,0,0,0
2026-05-18 21:33:23,PLC,0,Cmd421,0,112,16386,0,0,268,1,2,1,103
2026-05-18 21:35:24,PLC,0,Cmd101,0,0,0,0,0,0,0,0,0,0
2026-05-18 21:35:25,PLC,0,Cmd314,0,0,0,0,0,0,0,0,0,0
2026-05-18 21:35:43,PLC,0,Cmd421,22,98,16448,0,0,249,1,2,1,150
2026-05-18 21:35:53,PLC,0,Cmd101,0,0,0,0,0,0,0,0,0,0
2026-05-18 21:35:54,PLC,0,Cmd203,0,0,0,0,0,0,0,0,0,0
2026-05-18 21:37:15,PLC,0,Cmd101,0,0,0,0,0,0,0,0,0,0
2026-05-18 21:37:16,PLC,0,Cmd314,0,0,0,0,0,0,0,0,0,0
2026-05-18 21:40:25,PLC,0,Cmd413,0,0,0,0,0,0,0,0,0,0
2026-05-18 21:40:32,PLC,0,Cmd421,0,98,16448,0,0,286,1,2,1,150
2026-05-18 21:42:32,PLC,0,Cmd101,0,0,0,0,0,0,0,0,0,0
2026-05-18 21:42:32,PLC,0,Cmd314,0,0,0,0,0,0,0,0,0,0
2026-05-18 21:42:38,PLC,0,Cmd421,25,3,16448,0,0,436,2,2,1,50
2026-05-18 21:44:23,PLC,0,Cmd101,0,0,0,0,0,0,0,0,0,0
2026-05-18 21:44:24,PLC,0,Cmd314,0,0,0,0,0,0,0,0,0,0
2026-05-18 21:45:24,PLC,0,Cmd413,0,0,0,0,0,0,0,0,0,0
2026-05-18 21:45:31,PLC,0,Cmd421,0,3,16448,0,0,477,2,2,1,50
2026-05-18 21:47:38,PLC,0,Cmd101,0,0,0,0,0,0,0,0,0,0
2026-05-18 21:47:38,PLC,0,Cmd314,0,0,0,0,0,0,0,0,0,0
2026-05-18 21:47:44,PLC,0,Cmd421,26,73,49152,32,648,297,2,0,1,113
2026-05-18 21:49:34,PLC,0,Cmd101,0,0,0,0,0,0,0,0,0,0
2026-05-18 21:49:34,PLC,0,Cmd314,0,0,0,0,0,0,0,0,0,0
2026-05-18 21:49:40,PLC,0,Cmd413,0,0,0,0,0,0,0,0,0,0
2026-05-18 21:49:52,PLC,0,Cmd421,56,28,49152,1535,255,585,1,0,1,155
2026-05-18 21:52:20,PLC,0,Cmd101,0,0,0,0,0,0,0,0,0,0
2026-05-18 21:52:21,PLC,0,Cmd314,0,0,0,0,0,0,0,0,0,0
2026-05-18 21:52:28,PLC,0,Cmd413,0,0,0,0,0,0,0,0,0,0
2026-05-18 21:52:36,PLC,0,Cmd421,51,28,16386,0,0,650,1,2,1,31
2026-05-18 21:54:41,PLC,0,Cmd101,0,0,0,0,0,0,0,0,0,0
2026-05-18 21:54:42,PLC,0,Cmd203,0,0,0,0,0,0,0,0,0,0
2026-05-18 21:54:43,PLC,0,Cmd101,0,0,0,0,0,0,0,0,0,0
2026-05-18 21:54:43,PLC,0,Cmd203,0,0,0,0,0,0,0,0,0,0
2026-05-18 21:54:45,PLC,0,Cmd107,0,0,0,0,0,0,0,0,0,0
2026-05-18 21:54:45,RPD,0,Cmd302,0,0,0,0,0,0,0,0,0,0
2026-05-18 21:56:39,PLC,0,Cmd101,0,0,0,0,0,0,0,0,0,0
2026-05-18 21:56:40,PLC,0,Cmd314,0,0,0,0,0,0,0,0,0,0
2026-05-18 21:56:46,PLC,0,Cmd413,0,0,0,0,0,0,0,0,0,0
2026-05-18 21:56:58,PLC,0,Cmd421,0,28,16386,0,0,333,1,2,1,31
2026-05-18 21:59:38,PLC,0,Cmd101,0,0,0,0,0,0,0,0,0,0
2026-05-18 21:59:38,PLC,0,Cmd314,0,0,0,0,0,0,0,0,0,0
2026-05-18 21:59:43,PLC,0,Cmd421,25,1,49216,0,18304,50,1,2,1,212
2026-05-18 22:00:28,PLC,0,Cmd101,0,0,0,0,0,0,0,0,0,0
2026-05-18 22:00:29,PLC,0,Cmd203,0,0,0,0,0,0,0,0,0,0
2026-05-18 22:01:44,PLC,0,Cmd101,0,0,0,0,0,0,0,0,0,0
2026-05-18 22:01:45,PLC,0,Cmd314,0,0,0,0,0,0,0,0,0,0
2026-05-18 22:01:52,PLC,0,Cmd413,0,0,0,0,0,0,0,0,0,0
2026-05-18 22:02:01,PLC,0,Cmd421,0,1,49216,0,18304,650,1,2,1,212
2026-05-18 22:03:34,PLC,0,Cmd101,0,0,0,0,0,0,0,0,0,0
2026-05-18 22:03:35,PLC,0,Cmd314,0,0,0,0,0,0,0,0,0,0
2026-05-18 22:03:40,PLC,0,Cmd421,56,35,49152,1535,255,450,1,0,1,46
2026-05-18 22:05:34,PLC,0,Cmd101,0,0,0,0,0,0,0,0,0,0
2026-05-18 22:05:34,PLC,0,Cmd314,0,0,0,0,0,0,0,0,0,0
2026-05-18 22:05:43,PLC,0,Cmd413,0,0,0,0,0,0,0,0,0,0
2026-05-18 22:07:54,PLC,0,Cmd101,0,0,0,0,0,0,0,0,0,0
2026-05-18 22:07:55,PLC,0,Cmd107,0,0,0,0,0,0,0,0,0,0
2026-05-18 22:07:55,RPD,0,Cmd302,0,0,0,0,0,0,0,0,0,0
2026-05-18 22:07:56,PLC,0,Cmd107,0,0,0,0,0,0,0,0,0,0
2026-05-18 22:07:56,RPD,0,Cmd302,0,0,0,0,0,0,0,0,0,0
2026-05-18 22:09:31,PLC,0,Cmd750,2,4,4,0,0,0,0,0,0,0
2026-05-18 22:09:31,RPD,0,Cmd401,1002,4,4,0,0,0,0,0,0,0
2026-05-18 22:09:31,RPD,0,Cmd422,0,1002,0,0,0,4,4,0,1,0
2026-05-18 22:09:54,PLC,0,Cmd303,0,0,0,0,0,0,0,0,0,0
2026-05-18 22:09:55,PLC,0,Cmd102,0,0,0,0,0,0,0,0,0,0
2026-05-18 22:09:55,PLC,0,Cmd302,0,0,0,0,0,0,0,0,0,0
2026-05-18 22:09:56,PLC,0,Cmd315,0,0,0,0,0,0,0,0,0,0
2026-05-18 22:09:56,PLC,0,Cmd101,0,0,0,0,0,0,0,0,0,0
2026-05-18 22:09:57,PLC,0,Cmd107,0,0,0,0,0,0,0,0,0,0
2026-05-18 22:09:57,RPD,0,Cmd302,0,0,0,0,0,0,0,0,0,0
2026-05-18 22:10:06,PLC,0,Cmd401,0,0,0,0,0,0,0,0,0,0
2026-05-18 22:10:06,RPD,0,Cmd422,0,999,0,0,0,0,0,0,1,0
2026-05-18 22:10:15,PLC,0,Cmd401,0,0,0,0,0,0,0,0,0,0
2026-05-18 22:10:15,RPD,0,Cmd422,0,999,0,0,0,0,0,0,1,0
2026-05-18 22:10:30,PLC,0,Cmd101,0,0,0,0,0,0,0,0,0,0
2026-05-18 22:10:40,PLC,0,Cmd101,0,0,0,0,0,0,0,0,0,0
2026-05-18 22:10:41,PLC,0,Cmd314,0,0,0,0,0,0,0,0,0,0
2026-05-18 22:10:48,PLC,0,Cmd101,0,0,0,0,0,0,0,0,0,0
2026-05-18 22:10:48,PLC,0,Cmd314,0,0,0,0,0,0,0,0,0,0
2026-05-18 22:11:47,PLC,0,Cmd405,10007,0,0,0,0,0,0,0,0,0
2026-05-18 22:11:54,PLC,0,Cmd111,0,0,0,0,0,0,0,0,0,0
2026-05-18 22:11:54,PLC,0,Cmd303,0,0,0,0,0,0,0,0,0,0
2026-05-18 22:11:55,PLC,0,Cmd315,0,0,0,0,0,0,0,0,0,0
2026-05-18 22:11:55,PLC,0,Cmd140,0,0,0,0,0,0,0,0,0,0
2026-05-18 22:32:35,PLC,0,Cmd141,0,0,0,0,0,0,0,0,0,0
2026-05-18 22:32:35,PLC,0,Cmd106,0,0,0,0,0,0,0,0,0,0
2026-05-18 22:32:36,PLC,0,Cmd101,0,0,0,0,0,0,0,0,0,0
2026-05-18 22:32:37,PLC,0,Cmd1,0,0,0,0,0,0,0,0,0,0
2026-05-18 22:32:38,PLC,0,Cmd101,0,0,0,0,0,0,0,0,0,0
2026-05-18 22:32:38,PLC,0,Cmd302,0,0,0,0,0,0,0,0,0,0
2026-05-18 22:32:40,PLC,0,Cmd107,0,0,0,0,0,0,0,0,0,0
2026-05-18 22:32:40,RPD,0,Cmd302,0,0,0,0,0,0,0,0,0,0
2026-05-18 22:33:18,PLC,0,Cmd405,10001,0,0,0,0,0,0,0,0,0
2026-05-18 22:33:27,PLC,0,Cmd101,0,0,0,0,0,0,0,0,0,0
2026-05-18 22:33:28,PLC,0,Cmd303,0,0,0,0,0,0,0,0,0,0
2026-05-18 22:33:28,PLC,0,Cmd315,0,0,0,0,0,0,0,0,0,0
2026-05-18 22:33:29,PLC,0,Cmd302,0,0,0,0,0,0,0,0,0,0
2026-05-18 22:33:30,PLC,0,Cmd101,0,0,0,0,0,0,0,0,0,0
2026-05-18 22:33:35,PLC,0,Cmd107,1,0,0,0,0,0,0,0,0,0
2026-05-18 22:33:35,RPD,0,Cmd302,0,0,0,0,0,0,0,0,0,0
2026-05-18 22:33:36,PLC,0,Cmd204,0,0,0,0,0,0,0,0,0,0
2026-05-18 22:33:40,PLC,0,Cmd750,2,2,4,0,0,0,0,0,0,0
2026-05-18 22:33:40,RPD,0,Cmd401,1002,2,4,0,0,0,0,0,0,0
2026-05-18 22:33:40,RPD,0,Cmd422,0,1002,0,0,0,2,4,0,1,0
2026-05-18 22:34:36,PLC,0,Cmd750,2,3,4,0,0,0,0,0,0,0
2026-05-18 22:34:36,RPD,0,Cmd401,1002,3,4,0,0,0,0,0,0,0
2026-05-18 22:34:36,RPD,0,Cmd422,0,1002,0,0,0,3,4,0,1,0
2026-05-18 22:35:07,PLC,0,Cmd421,51,35,16386,0,0,650,1,2,1,139
2026-05-18 22:36:08,PLC,0,Cmd101,0,0,0,0,0,0,0,0,0,0
2026-05-18 22:36:09,PLC,0,Cmd314,0,0,0,0,0,0,0,0,0,0
2026-05-18 22:39:25,PLC,0,Cmd413,0,0,0,0,0,0,0,0,0,0
2026-05-18 22:39:36,PLC,0,Cmd421,0,35,16386,0,0,254,1,2,1,139
2026-05-18 22:42:16,PLC,0,Cmd101,0,0,0,0,0,0,0,0,0,0
2026-05-18 22:42:17,PLC,0,Cmd314,0,0,0,0,0,0,0,0,0,0
2026-05-18 22:42:19,PLC,0,Cmd421,51,5,16385,0,0,222,2,2,1,203
2026-05-18 22:44:21,PLC,0,Cmd101,0,0,0,0,0,0,0,0,0,0
2026-05-18 22:44:22,PLC,0,Cmd314,0,0,0,0,0,0,0,0,0,0
2026-05-18 22:45:55,PLC,0,Cmd413,0,0,0,0,0,0,0,0,0,0
2026-05-18 22:46:05,PLC,0,Cmd421,0,5,16385,0,0,160,2,2,1,203
2026-05-18 22:47:21,PLC,0,Cmd101,0,0,0,0,0,0,0,0,0,0
2026-05-18 22:47:21,PLC,0,Cmd314,0,0,0,0,0,0,0,0,0,0
2026-05-18 22:47:27,PLC,0,Cmd421,53,1,16386,0,0,493,2,0,1,81
2026-05-18 22:48:42,PLC,0,Cmd101,0,0,0,0,0,0,0,0,0,0
2026-05-18 22:48:42,PLC,0,Cmd314,0,0,0,0,0,0,0,0,0,0
2026-05-18 22:49:31,PLC,0,Cmd413,0,0,0,0,0,0,0,0,0,0
2026-05-18 22:49:37,PLC,0,Cmd421,22,19,16386,0,0,468,1,2,1,230
2026-05-18 22:52:01,PLC,0,Cmd101,0,0,0,0,0,0,0,0,0,0
2026-05-18 22:52:02,PLC,0,Cmd314,0,0,0,0,0,0,0,0,0,0
2026-05-18 22:54:26,PLC,0,Cmd413,0,0,0,0,0,0,0,0,0,0
2026-05-18 22:54:34,PLC,0,Cmd421,0,19,16386,0,0,447,1,2,1,230
2026-05-18 22:56:35,PLC,0,Cmd101,0,0,0,0,0,0,0,0,0,0
2026-05-18 22:56:36,PLC,0,Cmd314,0,0,0,0,0,0,0,0,0,0
2026-05-18 22:58:08,PLC,0,Cmd750,2,4,4,0,0,0,0,0,0,0
2026-05-18 22:58:08,RPD,0,Cmd401,1002,4,4,0,0,0,0,0,0,0
2026-05-18 22:58:08,RPD,0,Cmd422,0,1002,0,0,0,4,4,0,1,0
2026-05-18 22:59:42,PLC,0,Cmd750,2,3,4,0,0,0,0,0,0,0
2026-05-18 22:59:42,RPD,0,Cmd401,1002,3,4,0,0,0,0,0,0,0
2026-05-18 22:59:42,RPD,0,Cmd422,0,1002,0,0,0,3,4,0,1,0
2026-05-18 23:02:37,PLC,0,Cmd421,26,137,53248,0,128,134,1,0,1,201
2026-05-18 23:03:16,PLC,0,Cmd101,0,0,0,0,0,0,0,0,0,0
2026-05-18 23:03:17,PLC,0,Cmd314,0,0,0,0,0,0,0,0,0,0
2026-05-18 23:03:20,PLC,0,Cmd413,0,0,0,0,0,0,0,0,0,0
2026-05-18 23:03:49,PLC,0,Cmd421,25,1,16386,0,0,436,1,2,1,24
2026-05-18 23:04:56,PLC,0,Cmd101,0,0,0,0,0,0,0,0,0,0
2026-05-18 23:04:57,PLC,0,Cmd314,0,0,0,0,0,0,0,0,0,0
2026-05-18 23:08:54,PLC,0,Cmd413,0,0,0,0,0,0,0,0,0,0
2026-05-18 23:09:02,PLC,0,Cmd421,0,1,16386,0,0,477,1,2,1,24
2026-05-18 23:11:09,PLC,0,Cmd101,0,0,0,0,0,0,0,0,0,0
2026-05-18 23:11:10,PLC,0,Cmd314,0,0,0,0,0,0,0,0,0,0
2026-05-18 23:11:15,PLC,0,Cmd421,22,6,16385,0,0,371,2,2,1,48
2026-05-18 23:13:06,PLC,0,Cmd101,0,0,0,0,0,0,0,0,0,0
2026-05-18 23:13:06,PLC,0,Cmd314,0,0,0,0,0,0,0,0,0,0
2026-05-18 23:13:49,PLC,0,Cmd413,0,0,0,0,0,0,0,0,0,0
2026-05-18 23:13:56,PLC,0,Cmd421,0,6,16385,0,0,305,2,2,1,48
2026-05-18 23:15:55,PLC,0,Cmd101,0,0,0,0,0,0,0,0,0,0
2026-05-18 23:15:55,PLC,0,Cmd314,0,0,0,0,0,0,0,0,0,0
2026-05-18 23:16:16,PLC,0,Cmd421,22,35,16386,0,0,362,1,2,1,29
2026-05-18 23:17:53,PLC,0,Cmd101,0,0,0,0,0,0,0,0,0,0
2026-05-18 23:17:54,PLC,0,Cmd314,0,0,0,0,0,0,0,0,0,0
2026-05-18 23:20:58,PLC,0,Cmd413,0,0,0,0,0,0,0,0,0,0
2026-05-18 23:21:06,PLC,0,Cmd421,0,35,16386,0,0,352,1,2,1,29
2026-05-18 23:23:06,PLC,0,Cmd101,0,0,0,0,0,0,0,0,0,0
2026-05-18 23:23:07,PLC,0,Cmd314,0,0,0,0,0,0,0,0,0,0
2026-05-18 23:23:25,PLC,0,Cmd421,26,112,49152,1983,17150,447,2,0,1,231
2026-05-18 23:24:58,PLC,0,Cmd101,0,0,0,0,0,0,0,0,0,0
2026-05-18 23:24:59,PLC,0,Cmd314,0,0,0,0,0,0,0,0,0,0
2026-05-18 23:25:34,PLC,0,Cmd101,0,0,0,0,0,0,0,0,0,0
2026-05-18 23:25:35,PLC,0,Cmd107,0,0,0,0,0,0,0,0,0,0
2026-05-18 23:25:35,RPD,0,Cmd302,0,0,0,0,0,0,0,0,0,0
2026-05-18 23:25:46,PLC,0,Cmd413,0,0,0,0,0,0,0,0,0,0
2026-05-18 23:28:04,PLC,0,Cmd421,25,1,16448,0,0,436,2,2,1,168
2026-05-18 23:30:57,PLC,0,Cmd101,0,0,0,0,0,0,0,0,0,0
2026-05-18 23:30:57,PLC,0,Cmd314,0,0,0,0,0,0,0,0,0,0
2026-05-18 23:31:03,PLC,0,Cmd413,0,0,0,0,0,0,0,0,0,0
2026-05-18 23:31:11,PLC,0,Cmd421,0,1,16448,0,0,477,2,2,1,168
2026-05-18 23:33:17,PLC,0,Cmd101,0,0,0,0,0,0,0,0,0,0
2026-05-18 23:33:18,PLC,0,Cmd314,0,0,0,0,0,0,0,0,0,0
2026-05-18 23:33:23,PLC,0,Cmd421,56,20,49152,1534,254,304,1,0,1,111
2026-05-18 23:35:13,PLC,0,Cmd101,0,0,0,0,0,0,0,0,0,0
2026-05-18 23:35:14,PLC,0,Cmd314,0,0,0,0,0,0,0,0,0,0
2026-05-18 23:35:53,PLC,0,Cmd413,0,0,0,0,0,0,0,0,0,0
2026-05-18 23:36:01,PLC,0,Cmd421,51,20,16448,0,0,219,1,2,1,152
2026-05-18 23:39:32,PLC,0,Cmd101,0,0,0,0,0,0,0,0,0,0
2026-05-18 23:39:33,PLC,0,Cmd314,0,0,0,0,0,0,0,0,0,0
2026-05-18 23:39:47,PLC,0,Cmd413,0,0,0,0,0,0,0,0,0,0
2026-05-18 23:39:58,PLC,0,Cmd421,0,20,16448,0,0,186,1,2,1,152
2026-05-18 23:41:56,PLC,0,Cmd102,0,0,0,0,0,0,0,0,0,0
2026-05-18 23:42:26,PLC,0,Cmd101,0,0,0,0,0,0,0,0,0,0
2026-05-18 23:42:27,PLC,0,Cmd107,0,0,0,0,0,0,0,0,0,0
2026-05-18 23:42:27,RPD,0,Cmd302,0,0,0,0,0,0,0,0,0,0
2026-05-18 23:42:35,PLC,0,Cmd102,0,0,0,0,0,0,0,0,0,0
2026-05-18 23:42:45,PLC,0,Cmd315,0,0,0,0,0,0,0,0,0,0
2026-05-18 23:42:45,PLC,0,Cmd303,0,0,0,0,0,0,0,0,0,0
2026-05-18 23:42:49,PLC,0,Cmd101,0,0,0,0,0,0,0,0,0,0
2026-05-18 23:42:50,PLC,0,Cmd107,0,0,0,0,0,0,0,0,0,0
2026-05-18 23:43:14,PLC,0,Cmd101,0,0,0,0,0,0,0,0,0,0
2026-05-18 23:43:15,PLC,0,Cmd107,0,0,0,0,0,0,0,0,0,0
2026-05-18 23:43:30,PLC,0,Cmd102,0,0,0,0,0,0,0,0,0,0
2026-05-18 23:43:52,PLC,0,Cmd101,0,0,0,0,0,0,0,0,0,0
2026-05-18 23:43:53,PLC,0,Cmd107,0,0,0,0,0,0,0,0,0,0
2026-05-18 23:43:58,PLC,0,Cmd101,0,0,0,0,0,0,0,0,0,0
2026-05-18 23:43:59,PLC,0,Cmd107,0,0,0,0,0,0,0,0,0,0
2026-05-18 23:44:01,PLC,0,Cmd107,0,0,0,0,0,0,0,0,0,0
2026-05-18 23:44:01,PLC,0,Cmd101,0,0,0,0,0,0,0,0,0,0
2026-05-18 23:44:03,PLC,0,Cmd101,0,0,0,0,0,0,0,0,0,0
2026-05-18 23:44:09,PLC,0,Cmd302,0,0,0,0,0,0,0,0,0,0
2026-05-18 23:44:10,PLC,0,Cmd314,0,0,0,0,0,0,0,0,0,0
2026-05-18 23:44:57,PLC,0,Cmd421,25,1,16386,0,0,436,1,2,1,167
2026-05-18 23:46:17,PLC,0,Cmd101,0,0,0,0,0,0,0,0,0,0
2026-05-18 23:46:18,PLC,0,Cmd314,0,0,0,0,0,0,0,0,0,0
2026-05-18 23:46:26,PLC,0,Cmd413,0,0,0,0,0,0,0,0,0,0
2026-05-18 23:46:34,PLC,0,Cmd421,0,1,16386,0,0,477,1,2,1,167
2026-05-18 23:48:41,PLC,0,Cmd101,0,0,0,0,0,0,0,0,0,0
2026-05-18 23:48:41,PLC,0,Cmd314,0,0,0,0,0,0,0,0,0,0
2026-05-18 23:48:46,PLC,0,Cmd421,51,65,16386,0,0,650,2,2,1,4
2026-05-18 23:50:37,PLC,0,Cmd101,0,0,0,0,0,0,0,0,0,0
2026-05-18 23:50:38,PLC,0,Cmd314,0,0,0,0,0,0,0,0,0,0
2026-05-18 23:50:44,PLC,0,Cmd413,0,0,0,0,0,0,0,0,0,0
2026-05-18 23:50:55,PLC,0,Cmd421,0,65,16386,0,0,247,2,2,1,4
2026-05-18 23:53:35,PLC,0,Cmd101,0,0,0,0,0,0,0,0,0,0
