2026-05-12 23:00:00,PLC,0,Cmd101,0,0,0,0,0,0,0,0,0,0
2026-05-12 23:00:01,PLC,0,Cmd101,0,0,0,0,0,0,0,0,0,0
2026-05-12 23:00:02,PLC,0,Cmd107,0,0,0,0,0,0,0,0,0,0
2026-05-12 23:00:02,RPD,0,Cmd302,0,0,0,0,0,0,0,0,0,0
2026-05-12 23:00:08,PLC,0,Cmd107,1,0,0,0,0,0,0,0,0,0
2026-05-12 23:00:08,RPD,0,Cmd302,0,0,0,0,0,0,0,0,0,0
2026-05-12 23:00:56,PLC,0,Cmd421,22,41,16386,0,0,0,0,2002,1,171
2026-05-12 23:01:36,PLC,0,Cmd413,0,0,0,0,0,0,0,0,0,0
2026-05-12 23:05:11,PLC,0,Cmd405,10004,0,0,0,0,0,0,0,0,0
2026-05-12 23:05:37,PLC,0,Cmd421,56,20,49152,1535,255,0,0,2003,1,110
2026-05-12 23:06:10,PLC,0,Cmd413,0,0,0,0,0,0,0,0,0,0
2026-05-12 23:08:23,PLC,0,Cmd405,10004,0,0,0,0,0,0,0,0,0
2026-05-12 23:30:10,PLC,0,Cmd421,22,20,16386,0,0,0,0,2001,1,82
2026-05-12 23:30:14,PLC,0,Cmd413,0,0,0,0,0,0,0,0,0,0
2026-05-12 23:33:48,PLC,0,Cmd405,10004,0,0,0,0,0,0,0,0,0
2026-05-12 23:37:58,PLC,0,Cmd421,26,34,49152,1333,650,0,0,2002,1,36
2026-05-12 23:38:11,PLC,0,Cmd413,0,0,0,0,0,0,0,0,0,0
2026-05-12 23:40:54,PLC,0,Cmd405,10004,0,0,0,0,0,0,0,0,0
2026-05-12 23:42:52,PLC,0,Cmd421,26,34,49152,1333,650,0,0,2002,1,22
2026-05-12 23:42:56,PLC,0,Cmd413,0,0,0,0,0,0,0,0,0,0
2026-05-12 23:45:39,PLC,0,Cmd405,10004,0,0,0,0,0,0,0,0,0
2026-05-12 23:52:04,PLC,0,Cmd421,22,12,16448,0,0,0,0,2003,1,223
2026-05-12 23:52:17,PLC,0,Cmd413,0,0,0,0,0,0,0,0,0,0
2026-05-12 23:55:51,PLC,0,Cmd405,10004,0,0,0,0,0,0,0,0,0
2026-05-12 23:57:11,PLC,0,Cmd421,22,33,16448,0,0,0,0,2001,1,52
2026-05-12 23:57:24,PLC,0,Cmd413,0,0,0,0,0,0,0,0,0,0
2026-05-13 00:00:58,PLC,0,Cmd405,10004,0,0,0,0,0,0,0,0,0
2026-05-13 00:05:32,PLC,0,Cmd421,56,20,49152,1535,255,0,0,2002,1,157
2026-05-13 00:05:45,PLC,0,Cmd413,0,0,0,0,0,0,0,0,0,0
2026-05-13 00:07:54,PLC,0,Cmd405,10004,0,0,0,0,0,0,0,0,0
2026-05-13 00:10:32,PLC,0,Cmd102,0,0,0,0,0,0,0,0,0,0
2026-05-13 00:10:49,PLC,0,Cmd101,0,0,0,0,0,0,0,0,0,0
2026-05-13 00:10:50,PLC,0,Cmd101,0,0,0,0,0,0,0,0,0,0
2026-05-13 00:10:52,PLC,0,Cmd107,0,0,0,0,0,0,0,0,0,0
2026-05-13 00:10:52,RPD,0,Cmd302,0,0,0,0,0,0,0,0,0,0
2026-05-13 00:20:37,PLC,0,Cmd421,22,12,16386,0,0,0,0,2003,1,218
2026-05-13 00:20:49,PLC,0,Cmd413,0,0,0,0,0,0,0,0,0,0
2026-05-13 00:24:23,PLC,0,Cmd405,10004,0,0,0,0,0,0,0,0,0
2026-05-13 00:36:22,PLC,0,Cmd421,50,20,24578,0,0,0,0,2001,1,244
2026-05-13 00:36:35,PLC,0,Cmd413,0,0,0,0,0,0,0,0,0,0
2026-05-13 00:37:19,PLC,0,Cmd421,51,20,24578,0,0,0,0,2001,1,244
2026-05-13 00:37:23,PLC,0,Cmd413,0,0,0,0,0,0,0,0,0,0
2026-05-13 00:39:47,PLC,0,Cmd405,10004,0,0,0,0,0,0,0,0,0
2026-05-13 00:52:46,PLC,0,Cmd303,0,0,0,0,0,0,0,0,0,0
2026-05-13 01:02:52,PLC,0,Cmd101,0,0,0,0,0,0,0,0,0,0
2026-05-13 01:02:53,PLC,0,Cmd302,0,0,0,0,0,0,0,0,0,0
2026-05-13 01:02:55,PLC,0,Cmd107,0,0,0,0,0,0,0,0,0,0
2026-05-13 01:02:55,RPD,0,Cmd302,0,0,0,0,0,0,0,0,0,0
2026-05-13 01:02:55,PLC,0,Cmd101,0,0,0,0,0,0,0,0,0,0
2026-05-13 01:13:19,PLC,0,Cmd421,50,85,24578,0,0,0,0,3001,1,221
2026-05-13 01:13:33,PLC,0,Cmd413,0,0,0,0,0,0,0,0,0,0
2026-05-13 01:14:16,PLC,0,Cmd421,51,85,24578,0,0,0,0,3001,1,221
2026-05-13 01:14:20,PLC,0,Cmd413,0,0,0,0,0,0,0,0,0,0
2026-05-13 01:16:45,PLC,0,Cmd405,10004,0,0,0,0,0,0,0,0,0
2026-05-13 01:49:40,PLC,0,Cmd421,22,55,49216,0,1,0,0,2001,1,144
2026-05-13 01:49:53,PLC,0,Cmd413,0,0,0,0,0,0,0,0,0,0
2026-05-13 01:51:56,PLC,0,Cmd405,10004,0,0,0,0,0,0,0,0,0
2026-05-13 02:41:53,PLC,0,Cmd421,26,35,49152,1333,650,0,0,2001,1,36
2026-05-13 02:42:06,PLC,0,Cmd413,0,0,0,0,0,0,0,0,0,0
2026-05-13 02:44:48,PLC,0,Cmd405,10004,0,0,0,0,0,0,0,0,0
2026-05-13 03:26:52,PLC,0,Cmd421,22,62,16448,0,0,0,0,2001,1,150
2026-05-13 03:27:04,PLC,0,Cmd413,0,0,0,0,0,0,0,0,0,0
2026-05-13 03:30:39,PLC,0,Cmd405,10004,0,0,0,0,0,0,0,0,0
2026-05-13 03:36:14,PLC,0,Cmd421,56,34,49152,1535,255,0,0,2002,1,46
2026-05-13 03:36:27,PLC,0,Cmd413,0,0,0,0,0,0,0,0,0,0
2026-05-13 03:38:40,PLC,0,Cmd405,10004,0,0,0,0,0,0,0,0,0
2026-05-13 03:41:36,PLC,0,Cmd421,50,34,24578,0,0,0,0,2002,1,33
2026-05-13 03:41:40,PLC,0,Cmd413,0,0,0,0,0,0,0,0,0,0
2026-05-13 03:42:24,PLC,0,Cmd421,51,34,24578,0,0,0,0,2002,1,33
2026-05-13 03:42:28,PLC,0,Cmd413,0,0,0,0,0,0,0,0,0,0
2026-05-13 03:44:53,PLC,0,Cmd405,10004,0,0,0,0,0,0,0,0,0
2026-05-13 03:49:55,PLC,0,Cmd421,56,29,49152,1535,255,0,0,2001,1,111
2026-05-13 03:50:07,PLC,0,Cmd413,0,0,0,0,0,0,0,0,0,0
2026-05-13 03:52:13,PLC,0,Cmd405,10004,0,0,0,0,0,0,0,0,0
2026-05-13 04:12:23,PLC,0,Cmd421,56,18,49152,1535,255,0,0,2001,1,71
2026-05-13 04:12:36,PLC,0,Cmd413,0,0,0,0,0,0,0,0,0,0
2026-05-13 04:14:44,PLC,0,Cmd405,10004,0,0,0,0,0,0,0,0,0
2026-05-13 04:22:25,PLC,0,Cmd421,50,27,57346,2,1024,0,0,2002,1,63
2026-05-13 04:22:37,PLC,0,Cmd413,0,0,0,0,0,0,0,0,0,0
2026-05-13 04:22:43,PLC,0,Cmd421,51,27,57346,2,1024,0,0,2002,1,63
2026-05-13 04:22:47,PLC,0,Cmd413,0,0,0,0,0,0,0,0,0,0
2026-05-13 04:23:42,PLC,0,Cmd102,0,0,0,0,0,0,0,0,0,0
2026-05-13 04:23:51,PLC,0,Cmd101,0,0,0,0,0,0,0,0,0,0
2026-05-13 04:24:00,PLC,0,Cmd107,0,0,0,0,0,0,0,0,0,0
2026-05-13 04:24:00,RPD,0,Cmd302,0,0,0,0,0,0,0,0,0,0
2026-05-13 04:24:26,PLC,0,Cmd107,1,0,0,0,0,0,0,0,0,0
2026-05-13 04:24:26,RPD,0,Cmd302,0,0,0,0,0,0,0,0,0,0
2026-05-13 04:25:07,PLC,0,Cmd101,0,0,0,0,0,0,0,0,0,0
2026-05-13 04:25:08,PLC,0,Cmd101,0,0,0,0,0,0,0,0,0,0
2026-05-13 04:26:30,PLC,0,Cmd405,10004,0,0,0,0,0,0,0,0,0
2026-05-13 04:27:12,PLC,0,Cmd102,0,0,0,0,0,0,0,0,0,0
2026-05-13 04:27:43,PLC,0,Cmd111,0,0,0,0,0,0,0,0,0,0
2026-05-13 04:27:44,PLC,0,Cmd303,0,0,0,0,0,0,0,0,0,0
2026-05-13 04:27:44,PLC,0,Cmd102,0,0,0,0,0,0,0,0,0,0
2026-05-13 04:27:45,PLC,0,Cmd2,0,0,0,0,0,0,0,0,0,0
2026-05-13 04:28:08,RA2,0,Cmd107,2,0,0,0,0,0,0,0,0,0
2026-05-13 04:28:08,RPD,0,Cmd400,10001,0,0,0,0,0,0,0,0,0
2026-05-13 04:28:42,PLC,0,Cmd1,0,0,0,0,0,0,0,0,0,0
2026-05-13 04:28:42,PLC,0,Cmd102,0,0,0,0,0,0,0,0,0,0
2026-05-13 04:28:48,PLC,0,Cmd107,1,0,0,0,0,0,0,0,0,0
2026-05-13 04:28:49,PLC,0,Cmd102,0,0,0,0,0,0,0,0,0,0
2026-05-13 04:28:54,PLC,0,Cmd101,0,0,0,0,0,0,0,0,0,0
2026-05-13 04:28:55,PLC,0,Cmd107,0,0,0,0,0,0,0,0,0,0
2026-05-13 04:29:03,PLC,0,Cmd107,1,0,0,0,0,0,0,0,0,0
2026-05-13 04:29:08,PLC,0,Cmd107,1,0,0,0,0,0,0,0,0,0
2026-05-13 04:34:11,PLC,0,Cmd107,1,0,0,0,0,0,0,0,0,0
2026-05-13 04:34:19,PLC,0,Cmd111,0,0,0,0,0,0,0,0,0,0
2026-05-13 04:34:19,PLC,0,Cmd303,0,0,0,0,0,0,0,0,0,0
2026-05-13 04:34:20,PLC,0,Cmd140,0,0,0,0,0,0,0,0,0,0
2026-05-13 04:34:23,PLC,0,Cmd141,0,0,0,0,0,0,0,0,0,0
2026-05-13 04:34:24,PLC,0,Cmd106,0,0,0,0,0,0,0,0,0,0
2026-05-13 04:34:25,PLC,0,Cmd1,0,0,0,0,0,0,0,0,0,0
2026-05-13 04:34:26,PLC,0,Cmd101,0,0,0,0,0,0,0,0,0,0
2026-05-13 04:34:26,PLC,0,Cmd302,0,0,0,0,0,0,0,0,0,0
2026-05-13 04:34:28,PLC,0,Cmd101,0,0,0,0,0,0,0,0,0,0
2026-05-13 04:34:30,PLC,0,Cmd107,0,0,0,0,0,0,0,0,0,0
2026-05-13 04:34:30,RPD,0,Cmd302,0,0,0,0,0,0,0,0,0,0
2026-05-13 04:34:43,PLC,0,Cmd111,0,0,0,0,0,0,0,0,0,0
2026-05-13 04:34:44,PLC,0,Cmd303,0,0,0,0,0,0,0,0,0,0
2026-05-13 04:34:44,PLC,0,Cmd102,0,0,0,0,0,0,0,0,0,0
2026-05-13 04:34:45,PLC,0,Cmd2,0,0,0,0,0,0,0,0,0,0
2026-05-13 04:35:29,PLC,0,Cmd1,0,0,0,0,0,0,0,0,0,0
2026-05-13 04:35:58,PLC,0,Cmd102,0,0,0,0,0,0,0,0,0,0
2026-05-13 04:35:59,PLC,0,Cmd2,0,0,0,0,0,0,0,0,0,0
2026-05-13 04:36:01,PLC,0,Cmd1,0,0,0,0,0,0,0,0,0,0
2026-05-13 04:36:04,PLC,0,Cmd101,0,0,0,0,0,0,0,0,0,0
2026-05-13 04:36:06,PLC,0,Cmd107,0,0,0,0,0,0,0,0,0,0
2026-05-13 04:36:28,PLC,0,Cmd302,0,0,0,0,0,0,0,0,0,0
2026-05-13 04:42:56,PLC,0,Cmd111,0,0,0,0,0,0,0,0,0,0
2026-05-13 04:42:56,PLC,0,Cmd303,0,0,0,0,0,0,0,0,0,0
2026-05-13 04:42:56,PLC,0,Cmd140,0,0,0,0,0,0,0,0,0,0
2026-05-13 05:19:12,PLC,0,Cmd101,0,0,0,0,0,0,0,0,0,0
2026-05-13 05:20:27,PLC,0,Cmd101,0,0,0,0,0,0,0,0,0,0
2026-05-13 05:20:28,PLC,0,Cmd141,0,0,0,0,0,0,0,0,0,0
2026-05-13 05:20:28,PLC,0,Cmd106,0,0,0,0,0,0,0,0,0,0
2026-05-13 05:20:29,PLC,0,Cmd101,0,0,0,0,0,0,0,0,0,0
2026-05-13 05:20:30,PLC,0,Cmd1,0,0,0,0,0,0,0,0,0,0
2026-05-13 05:20:31,PLC,0,Cmd101,0,0,0,0,0,0,0,0,0,0
2026-05-13 05:20:32,PLC,0,Cmd302,0,0,0,0,0,0,0,0,0,0
2026-05-13 05:20:59,PLC,0,Cmd303,0,0,0,0,0,0,0,0,0,0
2026-05-13 05:20:59,PLC,0,Cmd140,0,0,0,0,0,0,0,0,0,0
2026-05-13 05:39:42,PLC,0,Cmd101,0,0,0,0,0,0,0,0,0,0
2026-05-13 05:39:45,PLC,0,Cmd101,0,0,0,0,0,0,0,0,0,0
2026-05-13 05:40:04,PLC,0,Cmd101,0,0,0,0,0,0,0,0,0,0
2026-05-13 06:03:05,PLC,0,Cmd141,0,0,0,0,0,0,0,0,0,0
2026-05-13 06:03:06,PLC,0,Cmd106,0,0,0,0,0,0,0,0,0,0
2026-05-13 06:03:07,PLC,0,Cmd101,0,0,0,0,0,0,0,0,0,0
2026-05-13 06:03:08,PLC,0,Cmd1,0,0,0,0,0,0,0,0,0,0
2026-05-13 06:03:09,PLC,0,Cmd302,0,0,0,0,0,0,0,0,0,0
2026-05-13 06:03:10,PLC,0,Cmd101,0,0,0,0,0,0,0,0,0,0
2026-05-13 06:03:12,PLC,0,Cmd107,0,0,0,0,0,0,0,0,0,0
2026-05-13 06:03:12,RPD,0,Cmd302,0,0,0,0,0,0,0,0,0,0
2026-05-13 06:03:15,PLC,0,Cmd101,0,0,0,0,0,0,0,0,0,0
2026-05-13 06:03:30,PLC,0,Cmd421,56,0,49152,2041,1022,0,0,0,1,15645
2026-05-13 06:03:50,PLC,0,Cmd413,0,0,0,0,0,0,0,0,0,0
2026-05-13 06:17:20,PLC,0,Cmd421,50,18,24578,0,0,0,0,2001,1,85
2026-05-13 06:17:43,PLC,0,Cmd101,0,0,0,0,0,0,0,0,0,0
2026-05-13 06:17:45,PLC,0,Cmd101,0,0,0,0,0,0,0,0,0,0
2026-05-13 06:17:47,PLC,0,Cmd107,0,0,0,0,0,0,0,0,0,0
2026-05-13 06:17:47,RPD,0,Cmd302,0,0,0,0,0,0,0,0,0,0
2026-05-13 06:17:53,PLC,0,Cmd101,0,0,0,0,0,0,0,0,0,0
2026-05-13 06:17:54,PLC,0,Cmd107,0,0,0,0,0,0,0,0,0,0
2026-05-13 06:17:54,RPD,0,Cmd302,0,0,0,0,0,0,0,0,0,0
2026-05-13 06:18:37,PLC,0,Cmd102,0,0,0,0,0,0,0,0,0,0
2026-05-13 06:19:29,PLC,0,Cmd107,1,0,0,0,0,0,0,0,0,0
2026-05-13 06:19:29,RPD,0,Cmd302,0,0,0,0,0,0,0,0,0,0
2026-05-13 06:19:42,PLC,0,Cmd107,1,0,0,0,0,0,0,0,0,0
2026-05-13 06:19:42,RPD,0,Cmd302,0,0,0,0,0,0,0,0,0,0
2026-05-13 06:19:46,PLC,0,Cmd107,1,0,0,0,0,0,0,0,0,0
2026-05-13 06:19:46,RPD,0,Cmd302,0,0,0,0,0,0,0,0,0,0
2026-05-13 06:20:46,PLC,0,Cmd101,0,0,0,0,0,0,0,0,0,0
2026-05-13 06:20:47,PLC,0,Cmd107,0,0,0,0,0,0,0,0,0,0
2026-05-13 06:20:47,RPD,0,Cmd302,0,0,0,0,0,0,0,0,0,0
2026-05-13 06:20:55,PLC,0,Cmd107,1,0,0,0,0,0,0,0,0,0
2026-05-13 06:20:55,RPD,0,Cmd302,0,0,0,0,0,0,0,0,0,0
2026-05-13 06:20:56,PLC,0,Cmd107,1,0,0,0,0,0,0,0,0,0
2026-05-13 06:20:56,RPD,0,Cmd302,0,0,0,0,0,0,0,0,0,0
2026-05-13 06:20:59,PLC,0,Cmd303,0,0,0,0,0,0,0,0,0,0
2026-05-13 06:20:59,PLC,0,Cmd102,0,0,0,0,0,0,0,0,0,0
2026-05-13 06:21:00,PLC,0,Cmd302,0,0,0,0,0,0,0,0,0,0
2026-05-13 06:21:00,PLC,0,Cmd101,0,0,0,0,0,0,0,0,0,0
2026-05-13 06:21:02,PLC,0,Cmd107,0,0,0,0,0,0,0,0,0,0
2026-05-13 06:21:02,RPD,0,Cmd302,0,0,0,0,0,0,0,0,0,0
2026-05-13 06:21:10,PLC,0,Cmd421,50,18,24578,0,0,0,0,2001,1,85
2026-05-13 06:21:22,PLC,0,Cmd413,0,0,0,0,0,0,0,0,0,0
2026-05-13 06:22:04,PLC,0,Cmd421,51,18,24578,0,0,0,0,2001,1,85
2026-05-13 06:22:08,PLC,0,Cmd413,0,0,0,0,0,0,0,0,0,0
2026-05-13 06:24:47,PLC,0,Cmd101,0,0,0,0,0,0,0,0,0,0
2026-05-13 06:24:47,PLC,0,Cmd303,0,0,0,0,0,0,0,0,0,0
2026-05-13 06:24:48,PLC,0,Cmd101,0,0,0,0,0,0,0,0,0,0
2026-05-13 06:24:49,PLC,0,Cmd302,0,0,0,0,0,0,0,0,0,0
2026-05-13 06:24:49,PLC,0,Cmd101,0,0,0,0,0,0,0,0,0,0
2026-05-13 06:24:54,PLC,0,Cmd107,1,0,0,0,0,0,0,0,0,0
2026-05-13 06:24:54,RPD,0,Cmd302,0,0,0,0,0,0,0,0,0,0
2026-05-13 06:24:55,PLC,0,Cmd107,1,0,0,0,0,0,0,0,0,0
2026-05-13 06:24:55,RPD,0,Cmd302,0,0,0,0,0,0,0,0,0,0
2026-05-13 06:25:18,PLC,0,Cmd421,22,34,16386,0,0,0,0,2003,1,210
2026-05-13 06:25:59,PLC,0,Cmd413,0,0,0,0,0,0,0,0,0,0
2026-05-13 06:29:33,PLC,0,Cmd405,10004,0,0,0,0,0,0,0,0,0
2026-05-13 06:29:58,PLC,0,Cmd421,26,27,49152,32,648,0,0,2002,1,2
2026-05-13 06:30:32,PLC,0,Cmd413,0,0,0,0,0,0,0,0,0,0
2026-05-13 06:32:31,PLC,0,Cmd405,10004,0,0,0,0,0,0,0,0,0
2026-05-13 06:33:40,PLC,0,Cmd421,26,35,49152,1333,650,0,0,2001,1,22
2026-05-13 06:33:53,PLC,0,Cmd413,0,0,0,0,0,0,0,0,0,0
2026-05-13 06:36:36,PLC,0,Cmd405,10004,0,0,0,0,0,0,0,0,0
2026-05-13 06:47:18,PLC,0,Cmd101,0,0,0,0,0,0,0,0,0,0
2026-05-13 06:47:19,PLC,0,Cmd107,0,0,0,0,0,0,0,0,0,0
2026-05-13 06:47:19,RPD,0,Cmd302,0,0,0,0,0,0,0,0,0,0
2026-05-13 06:48:30,PLC,0,Cmd421,22,11,16386,0,0,0,0,2003,1,145
2026-05-13 06:48:43,PLC,0,Cmd413,0,0,0,0,0,0,0,0,0,0
2026-05-13 06:52:17,PLC,0,Cmd405,10004,0,0,0,0,0,0,0,0,0
2026-05-13 06:58:57,PLC,0,Cmd421,26,85,49152,937,17144,0,0,3001,1,259
2026-05-13 06:59:11,PLC,0,Cmd413,0,0,0,0,0,0,0,0,0,0
2026-05-13 07:02:31,PLC,0,Cmd405,10004,0,0,0,0,0,0,0,0,0
2026-05-13 07:03:29,PLC,0,Cmd421,22,85,16386,0,0,0,0,3001,1,208
2026-05-13 07:03:33,PLC,0,Cmd413,0,0,0,0,0,0,0,0,0,0
2026-05-13 07:07:08,PLC,0,Cmd405,10004,0,0,0,0,0,0,0,0,0
2026-05-13 07:12:10,PLC,0,Cmd421,22,56,49216,0,1,0,0,3002,1,144
2026-05-13 07:12:22,PLC,0,Cmd413,0,0,0,0,0,0,0,0,0,0
2026-05-13 07:14:26,PLC,0,Cmd405,10004,0,0,0,0,0,0,0,0,0
2026-05-13 07:28:26,PLC,0,Cmd421,22,27,16386,0,0,0,0,2001,1,74
2026-05-13 07:28:40,PLC,0,Cmd413,0,0,0,0,0,0,0,0,0,0
2026-05-13 07:32:14,PLC,0,Cmd405,10004,0,0,0,0,0,0,0,0,0
2026-05-13 07:32:40,PLC,0,Cmd421,56,62,49152,4410,570,0,0,2002,1,110
2026-05-13 07:33:14,PLC,0,Cmd413,0,0,0,0,0,0,0,0,0,0
2026-05-13 07:34:40,PLC,0,Cmd405,10004,0,0,0,0,0,0,0,0,0
2026-05-13 07:58:26,PLC,0,Cmd421,50,62,24584,0,0,0,0,2002,1,220
2026-05-13 07:58:31,PLC,0,Cmd413,0,0,0,0,0,0,0,0,0,0
2026-05-13 07:59:14,PLC,0,Cmd421,51,62,24584,0,0,0,0,2002,1,220
2026-05-13 07:59:18,PLC,0,Cmd413,0,0,0,0,0,0,0,0,0,0
2026-05-13 08:01:43,PLC,0,Cmd405,10004,0,0,0,0,0,0,0,0,0
2026-05-13 08:37:28,PLC,0,Cmd421,26,29,49152,289,652,0,0,2001,1,102
2026-05-13 08:37:40,PLC,0,Cmd413,0,0,0,0,0,0,0,0,0,0
2026-05-13 08:39:58,PLC,0,Cmd405,10004,0,0,0,0,0,0,0,0,0
2026-05-13 08:49:07,PLC,0,Cmd421,56,18,49152,1535,255,0,0,2002,1,236
2026-05-13 08:49:19,PLC,0,Cmd413,0,0,0,0,0,0,0,0,0,0
2026-05-13 08:51:32,PLC,0,Cmd405,10004,0,0,0,0,0,0,0,0,0
2026-05-13 08:54:27,PLC,0,Cmd421,50,18,24578,0,0,0,0,2002,1,152
2026-05-13 08:54:31,PLC,0,Cmd413,0,0,0,0,0,0,0,0,0,0
2026-05-13 08:55:15,PLC,0,Cmd421,51,18,24578,0,0,0,0,2002,1,152
2026-05-13 08:55:19,PLC,0,Cmd413,0,0,0,0,0,0,0,0,0,0
2026-05-13 08:57:44,PLC,0,Cmd405,10004,0,0,0,0,0,0,0,0,0
2026-05-13 09:18:31,PLC,0,Cmd421,56,35,49152,1535,255,0,0,2001,1,46
2026-05-13 09:18:43,PLC,0,Cmd413,0,0,0,0,0,0,0,0,0,0
2026-05-13 09:20:52,PLC,0,Cmd405,10004,0,0,0,0,0,0,0,0,0
2026-05-13 09:23:37,PLC,0,Cmd421,50,35,24578,0,0,0,0,2001,1,33
2026-05-13 09:23:42,PLC,0,Cmd413,0,0,0,0,0,0,0,0,0,0
2026-05-13 09:24:26,PLC,0,Cmd421,51,35,24578,0,0,0,0,2001,1,33
2026-05-13 09:24:30,PLC,0,Cmd413,0,0,0,0,0,0,0,0,0,0
2026-05-13 09:26:54,PLC,0,Cmd405,10004,0,0,0,0,0,0,0,0,0
2026-05-13 09:35:32,PLC,0,Cmd107,1,0,0,0,0,0,0,0,0,0
2026-05-13 09:35:32,RPD,0,Cmd302,0,0,0,0,0,0,0,0,0,0
2026-05-13 09:41:35,PLC,0,Cmd421,51,0,16416,0,1022,0,0,0,1,15646
2026-05-13 09:41:55,PLC,0,Cmd413,0,0,0,0,0,0,0,0,0,0
2026-05-13 09:43:57,PLC,0,Cmd107,1,0,0,0,0,0,0,0,0,0
2026-05-13 09:43:57,RPD,0,Cmd302,0,0,0,0,0,0,0,0,0,0
2026-05-13 09:43:59,PLC,0,Cmd101,0,0,0,0,0,0,0,0,0,0
2026-05-13 09:45:20,PLC,0,Cmd421,51,0,16448,0,1022,0,0,0,1,15647
2026-05-13 09:45:39,PLC,0,Cmd413,0,0,0,0,0,0,0,0,0,0
2026-05-13 09:50:07,PLC,0,Cmd107,1,0,0,0,0,0,0,0,0,0
2026-05-13 09:50:07,RPD,0,Cmd302,0,0,0,0,0,0,0,0,0,0
2026-05-13 09:50:15,PLC,0,Cmd421,51,0,16416,0,1022,0,0,0,1,15648
2026-05-13 09:50:35,PLC,0,Cmd413,0,0,0,0,0,0,0,0,0,0
2026-05-13 09:52:44,PLC,0,Cmd101,0,0,0,0,0,0,0,0,0,0
2026-05-13 09:52:48,PLC,0,Cmd107,1,0,0,0,0,0,0,0,0,0
2026-05-13 09:52:48,RPD,0,Cmd302,0,0,0,0,0,0,0,0,0,0
2026-05-13 09:52:50,PLC,0,Cmd101,0,0,0,0,0,0,0,0,0,0
2026-05-13 09:53:01,PLC,0,Cmd421,51,0,20512,0,1022,0,0,0,1,15649
2026-05-13 09:53:21,PLC,0,Cmd413,0,0,0,0,0,0,0,0,0,0
2026-05-13 09:55:49,PLC,0,Cmd107,1,0,0,0,0,0,0,0,0,0
2026-05-13 09:55:49,RPD,0,Cmd302,0,0,0,0,0,0,0,0,0,0
2026-05-13 09:56:06,PLC,0,Cmd107,1,0,0,0,0,0,0,0,0,0
2026-05-13 09:56:06,RPD,0,Cmd302,0,0,0,0,0,0,0,0,0,0
2026-05-13 09:56:14,PLC,0,Cmd421,51,0,20544,0,1022,0,0,0,1,15650
2026-05-13 09:56:33,PLC,0,Cmd413,0,0,0,0,0,0,0,0,0,0
2026-05-13 09:59:11,PLC,0,Cmd107,1,0,0,0,0,0,0,0,0,0
2026-05-13 09:59:11,RPD,0,Cmd302,0,0,0,0,0,0,0,0,0,0
2026-05-13 10:01:21,PLC,0,Cmd107,1,0,0,0,0,0,0,0,0,0
2026-05-13 10:01:21,RPD,0,Cmd302,0,0,0,0,0,0,0,0,0,0
2026-05-13 10:01:23,PLC,0,Cmd101,0,0,0,0,0,0,0,0,0,0
2026-05-13 10:01:42,PLC,0,Cmd421,22,35,16386,0,0,0,0,2001,1,210
2026-05-13 10:01:55,PLC,0,Cmd413,0,0,0,0,0,0,0,0,0,0
2026-05-13 10:05:30,PLC,0,Cmd405,10004,0,0,0,0,0,0,0,0,0
2026-05-13 10:05:56,PLC,0,Cmd421,56,68,49152,1531,251,0,0,2002,1,157
2026-05-13 10:06:29,PLC,0,Cmd413,0,0,0,0,0,0,0,0,0,0
2026-05-13 10:08:36,PLC,0,Cmd405,10004,0,0,0,0,0,0,0,0,0
2026-05-13 10:11:19,PLC,0,Cmd421,50,68,24578,0,0,0,0,2002,1,158
2026-05-13 10:11:23,PLC,0,Cmd413,0,0,0,0,0,0,0,0,0,0
2026-05-13 10:12:07,PLC,0,Cmd421,51,68,24578,0,0,0,0,2002,1,158
2026-05-13 10:12:11,PLC,0,Cmd413,0,0,0,0,0,0,0,0,0,0
2026-05-13 10:14:36,PLC,0,Cmd405,10004,0,0,0,0,0,0,0,0,0
2026-05-13 10:54:31,PLC,0,Cmd421,56,29,49152,1535,255,0,0,2001,1,200
2026-05-13 10:54:44,PLC,0,Cmd413,0,0,0,0,0,0,0,0,0,0
2026-05-13 10:56:57,PLC,0,Cmd405,10004,0,0,0,0,0,0,0,0,0
2026-05-13 11:03:24,PLC,0,Cmd421,50,29,24578,0,0,0,0,2001,1,167
2026-05-13 11:03:28,PLC,0,Cmd413,0,0,0,0,0,0,0,0,0,0
2026-05-13 11:04:12,PLC,0,Cmd421,51,29,24578,0,0,0,0,2001,1,167
2026-05-13 11:04:16,PLC,0,Cmd413,0,0,0,0,0,0,0,0,0,0
2026-05-13 11:06:41,PLC,0,Cmd405,10004,0,0,0,0,0,0,0,0,0
2026-05-13 11:10:09,PLC,0,Cmd421,50,62,57346,0,256,0,0,2002,1,216
2026-05-13 11:10:22,PLC,0,Cmd413,0,0,0,0,0,0,0,0,0,0
2026-05-13 11:10:27,PLC,0,Cmd421,51,62,57346,0,256,0,0,2002,1,216
2026-05-13 11:10:31,PLC,0,Cmd413,0,0,0,0,0,0,0,0,0,0
2026-05-13 11:11:26,PLC,0,Cmd405,10004,0,0,0,0,0,0,0,0,0
2026-05-13 11:40:34,PLC,0,Cmd421,22,9,16386,0,0,0,0,2003,1,37
2026-05-13 11:40:46,PLC,0,Cmd413,0,0,0,0,0,0,0,0,0,0
2026-05-13 11:44:21,PLC,0,Cmd405,10004,0,0,0,0,0,0,0,0,0
2026-05-13 11:57:51,PLC,0,Cmd421,26,20,49152,1333,654,0,0,2001,1,67
2026-05-13 11:58:03,PLC,0,Cmd413,0,0,0,0,0,0,0,0,0,0
2026-05-13 12:00:47,PLC,0,Cmd405,10004,0,0,0,0,0,0,0,0,0
2026-05-13 12:09:12,PLC,0,Cmd102,0,0,0,0,0,0,0,0,0,0
2026-05-13 12:10:03,PLC,0,Cmd101,0,0,0,0,0,0,0,0,0,0
2026-05-13 12:10:05,PLC,0,Cmd101,0,0,0,0,0,0,0,0,0,0
2026-05-13 12:12:03,PLC,0,Cmd101,0,0,0,0,0,0,0,0,0,0
2026-05-13 12:12:04,PLC,0,Cmd107,0,0,0,0,0,0,0,0,0,0
2026-05-13 12:12:04,RPD,0,Cmd302,0,0,0,0,0,0,0,0,0,0
2026-05-13 12:16:06,PLC,0,Cmd421,22,20,16386,0,0,0,0,2002,1,82
2026-05-13 12:16:10,PLC,0,Cmd413,0,0,0,0,0,0,0,0,0,0
2026-05-13 12:19:44,PLC,0,Cmd405,10004,0,0,0,0,0,0,0,0,0
2026-05-13 13:23:19,PLC,0,Cmd421,26,106,53248,34,136,0,0,2001,1,42
2026-05-13 13:23:31,PLC,0,Cmd413,0,0,0,0,0,0,0,0,0,0
2026-05-13 13:25:26,PLC,0,Cmd405,10004,0,0,0,0,0,0,0,0,0
2026-05-13 13:28:57,PLC,0,Cmd421,22,106,16385,0,0,0,0,2001,1,122
2026-05-13 13:29:01,PLC,0,Cmd413,0,0,0,0,0,0,0,0,0,0
2026-05-13 13:32:35,PLC,0,Cmd405,10004,0,0,0,0,0,0,0,0,0
2026-05-13 14:08:20,PLC,0,Cmd421,22,29,16386,0,0,0,0,2002,1,206
2026-05-13 14:08:33,PLC,0,Cmd413,0,0,0,0,0,0,0,0,0,0
2026-05-13 14:12:07,PLC,0,Cmd405,10004,0,0,0,0,0,0,0,0,0
2026-05-13 15:17:29,PLC,0,Cmd421,22,13,16448,0,0,0,0,2001,1,105
2026-05-13 15:17:42,PLC,0,Cmd413,0,0,0,0,0,0,0,0,0,0
2026-05-13 15:21:16,PLC,0,Cmd405,10004,0,0,0,0,0,0,0,0,0
2026-05-13 15:42:16,PLC,0,Cmd421,22,20,16386,0,0,0,0,2001,1,126
2026-05-13 15:42:29,PLC,0,Cmd413,0,0,0,0,0,0,0,0,0,0
2026-05-13 15:46:02,PLC,0,Cmd405,10004,0,0,0,0,0,0,0,0,0
2026-05-13 15:50:28,PLC,0,Cmd421,56,69,49152,1531,251,0,0,2002,1,157
2026-05-13 15:50:41,PLC,0,Cmd413,0,0,0,0,0,0,0,0,0,0
2026-05-13 15:52:48,PLC,0,Cmd405,10004,0,0,0,0,0,0,0,0,0
2026-05-13 15:56:57,PLC,0,Cmd421,50,69,24578,0,0,0,0,2002,1,158
2026-05-13 15:57:01,PLC,0,Cmd413,0,0,0,0,0,0,0,0,0,0
2026-05-13 15:57:45,PLC,0,Cmd421,51,69,24578,0,0,0,0,2002,1,158
2026-05-13 15:57:49,PLC,0,Cmd413,0,0,0,0,0,0,0,0,0,0
2026-05-13 16:00:14,PLC,0,Cmd405,10004,0,0,0,0,0,0,0,0,0
2026-05-13 16:29:27,PLC,0,Cmd421,26,62,49152,32,648,0,0,2001,1,201
2026-05-13 16:29:40,PLC,0,Cmd413,0,0,0,0,0,0,0,0,0,0
2026-05-13 16:31:38,PLC,0,Cmd405,10004,0,0,0,0,0,0,0,0,0
2026-05-13 16:36:19,PLC,0,Cmd421,56,145,49152,1535,255,0,0,2002,1,45
2026-05-13 16:36:31,PLC,0,Cmd413,0,0,0,0,0,0,0,0,0,0
2026-05-13 16:38:38,PLC,0,Cmd405,10004,0,0,0,0,0,0,0,0,0
2026-05-13 16:50:06,PLC,0,Cmd101,0,0,0,0,0,0,0,0,0,0
2026-05-13 17:26:07,PLC,0,Cmd421,26,145,49152,52,650,0,0,2001,1,192
2026-05-13 17:26:20,PLC,0,Cmd413,0,0,0,0,0,0,0,0,0,0
2026-05-13 17:28:27,PLC,0,Cmd405,10004,0,0,0,0,0,0,0,0,0
2026-05-13 17:31:57,PLC,0,Cmd421,22,145,16448,0,0,0,0,2001,1,56
2026-05-13 17:32:02,PLC,0,Cmd413,0,0,0,0,0,0,0,0,0,0
2026-05-13 17:35:35,PLC,0,Cmd405,10004,0,0,0,0,0,0,0,0,0
2026-05-13 18:14:52,PLC,0,Cmd421,50,145,24578,0,0,0,0,2001,1,204
2026-05-13 18:15:04,PLC,0,Cmd413,0,0,0,0,0,0,0,0,0,0
2026-05-13 18:15:48,PLC,0,Cmd421,51,145,24578,0,0,0,0,2001,1,204
2026-05-13 18:15:52,PLC,0,Cmd413,0,0,0,0,0,0,0,0,0,0
2026-05-13 18:18:17,PLC,0,Cmd405,10004,0,0,0,0,0,0,0,0,0
2026-05-13 18:59:35,PLC,0,Cmd421,50,20,24578,0,0,0,0,2001,1,233
2026-05-13 18:59:48,PLC,0,Cmd413,0,0,0,0,0,0,0,0,0,0
2026-05-13 19:00:32,PLC,0,Cmd421,51,20,24578,0,0,0,0,2001,1,233
2026-05-13 19:00:36,PLC,0,Cmd413,0,0,0,0,0,0,0,0,0,0
2026-05-13 19:03:01,PLC,0,Cmd405,10004,0,0,0,0,0,0,0,0,0
2026-05-13 19:45:44,PLC,0,Cmd421,50,53,24578,0,0,0,0,2001,1,168
2026-05-13 19:45:56,PLC,0,Cmd413,0,0,0,0,0,0,0,0,0,0
2026-05-13 19:46:40,PLC,0,Cmd421,51,53,24578,0,0,0,0,2001,1,168
2026-05-13 19:46:44,PLC,0,Cmd413,0,0,0,0,0,0,0,0,0,0
2026-05-13 19:49:09,PLC,0,Cmd405,10004,0,0,0,0,0,0,0,0,0
2026-05-13 19:49:52,PLC,0,Cmd421,56,53,49152,1535,255,0,0,2001,1,164
2026-05-13 19:49:56,PLC,0,Cmd413,0,0,0,0,0,0,0,0,0,0
2026-05-13 19:52:03,PLC,0,Cmd405,10004,0,0,0,0,0,0,0,0,0
2026-05-13 19:55:06,PLC,0,Cmd102,0,0,0,0,0,0,0,0,0,0
2026-05-13 19:55:07,PLC,0,Cmd111,0,0,0,0,0,0,0,0,0,0
2026-05-13 19:55:07,PLC,0,Cmd303,0,0,0,0,0,0,0,0,0,0
2026-05-13 19:55:08,PLC,0,Cmd140,0,0,0,0,0,0,0,0,0,0
2026-05-13 19:57:11,PLC,0,Cmd141,0,0,0,0,0,0,0,0,0,0
2026-05-13 19:57:12,PLC,0,Cmd106,0,0,0,0,0,0,0,0,0,0
2026-05-13 19:57:13,PLC,0,Cmd1,0,0,0,0,0,0,0,0,0,0
2026-05-13 19:57:14,PLC,0,Cmd101,0,0,0,0,0,0,0,0,0,0
2026-05-13 19:57:15,PLC,0,Cmd101,0,0,0,0,0,0,0,0,0,0
2026-05-13 19:57:16,PLC,0,Cmd302,0,0,0,0,0,0,0,0,0,0
2026-05-13 19:57:17,PLC,0,Cmd101,0,0,0,0,0,0,0,0,0,0
2026-05-13 19:57:19,PLC,0,Cmd107,0,0,0,0,0,0,0,0,0,0
2026-05-13 19:57:19,RPD,0,Cmd302,0,0,0,0,0,0,0,0,0,0
2026-05-13 20:06:11,PLC,0,Cmd111,0,0,0,0,0,0,0,0,0,0
2026-05-13 20:06:11,PLC,0,Cmd303,0,0,0,0,0,0,0,0,0,0
2026-05-13 20:06:12,PLC,0,Cmd140,0,0,0,0,0,0,0,0,0,0
2026-05-13 20:07:47,PLC,0,Cmd141,0,0,0,0,0,0,0,0,0,0
2026-05-13 20:07:48,PLC,0,Cmd106,0,0,0,0,0,0,0,0,0,0
2026-05-13 20:07:49,PLC,0,Cmd101,0,0,0,0,0,0,0,0,0,0
2026-05-13 20:07:50,PLC,0,Cmd1,0,0,0,0,0,0,0,0,0,0
2026-05-13 20:07:51,PLC,0,Cmd302,0,0,0,0,0,0,0,0,0,0
2026-05-13 20:07:52,PLC,0,Cmd101,0,0,0,0,0,0,0,0,0,0
2026-05-13 20:08:24,PLC,0,Cmd107,0,0,0,0,0,0,0,0,0,0
2026-05-13 20:08:24,RPD,0,Cmd302,0,0,0,0,0,0,0,0,0,0
2026-05-13 20:20:25,PLC,0,Cmd421,26,55,49152,1333,650,0,0,2002,1,240
2026-05-13 20:20:38,PLC,0,Cmd413,0,0,0,0,0,0,0,0,0,0
2026-05-13 20:23:21,PLC,0,Cmd405,10004,0,0,0,0,0,0,0,0,0
2026-05-13 20:29:08,PLC,0,Cmd421,22,55,16386,0,0,0,0,2002,1,49
2026-05-13 20:29:12,PLC,0,Cmd413,0,0,0,0,0,0,0,0,0,0
2026-05-13 20:32:46,PLC,0,Cmd405,10004,0,0,0,0,0,0,0,0,0
2026-05-13 20:33:36,PLC,0,Cmd102,0,0,0,0,0,0,0,0,0,0
2026-05-13 20:33:37,PLC,0,Cmd111,0,0,0,0,0,0,0,0,0,0
2026-05-13 20:33:37,PLC,0,Cmd140,0,0,0,0,0,0,0,0,0,0
2026-05-13 20:38:48,PLC,0,Cmd141,0,0,0,0,0,0,0,0,0,0
2026-05-13 20:38:48,PLC,0,Cmd106,0,0,0,0,0,0,0,0,0,0
2026-05-13 20:38:50,PLC,0,Cmd1,0,0,0,0,0,0,0,0,0,0
2026-05-13 20:38:50,PLC,0,Cmd101,0,0,0,0,0,0,0,0,0,0
2026-05-13 20:38:51,PLC,0,Cmd302,0,0,0,0,0,0,0,0,0,0
2026-05-13 20:38:51,PLC,0,Cmd101,0,0,0,0,0,0,0,0,0,0
2026-05-13 20:38:53,PLC,0,Cmd107,0,0,0,0,0,0,0,0,0,0
2026-05-13 20:38:53,RPD,0,Cmd302,0,0,0,0,0,0,0,0,0,0
2026-05-13 20:38:54,PLC,0,Cmd101,0,0,0,0,0,0,0,0,0,0
2026-05-13 20:49:34,PLC,0,Cmd421,22,10,16386,0,0,0,0,2001,1,150
2026-05-13 20:49:47,PLC,0,Cmd413,0,0,0,0,0,0,0,0,0,0
2026-05-13 20:53:21,PLC,0,Cmd405,10004,0,0,0,0,0,0,0,0,0
2026-05-13 21:03:59,PLC,0,Cmd421,50,68,24578,0,0,0,0,2002,1,158
2026-05-13 21:04:12,PLC,0,Cmd413,0,0,0,0,0,0,0,0,0,0
2026-05-13 21:04:55,PLC,0,Cmd421,51,68,24578,0,0,0,0,2002,1,158
2026-05-13 21:05:00,PLC,0,Cmd413,0,0,0,0,0,0,0,0,0,0
2026-05-13 21:07:24,PLC,0,Cmd405,10004,0,0,0,0,0,0,0,0,0
2026-05-13 21:08:28,PLC,0,Cmd421,26,67,49152,32,648,0,0,2003,1,169
2026-05-13 21:08:41,PLC,0,Cmd413,0,0,0,0,0,0,0,0,0,0
2026-05-13 21:10:40,PLC,0,Cmd405,10004,0,0,0,0,0,0,0,0,0
2026-05-13 21:17:21,PLC,0,Cmd421,56,11,49152,1535,255,0,0,2001,1,110
2026-05-13 21:17:34,PLC,0,Cmd413,0,0,0,0,0,0,0,0,0,0
2026-05-13 21:19:47,PLC,0,Cmd405,10004,0,0,0,0,0,0,0,0,0
2026-05-13 21:24:49,PLC,0,Cmd421,50,11,24578,0,0,0,0,2001,1,96
2026-05-13 21:24:54,PLC,0,Cmd413,0,0,0,0,0,0,0,0,0,0
2026-05-13 21:25:37,PLC,0,Cmd421,51,11,24578,0,0,0,0,2001,1,96
2026-05-13 21:25:41,PLC,0,Cmd413,0,0,0,0,0,0,0,0,0,0
2026-05-13 21:28:06,PLC,0,Cmd405,10004,0,0,0,0,0,0,0,0,0
2026-05-13 21:28:49,PLC,0,Cmd421,26,20,49152,309,652,0,0,2003,1,197
2026-05-13 21:29:05,PLC,0,Cmd413,0,0,0,0,0,0,0,0,0,0
2026-05-13 21:31:26,PLC,0,Cmd405,10004,0,0,0,0,0,0,0,0,0
2026-05-13 21:33:39,PLC,0,Cmd421,22,20,16386,0,0,0,0,2003,1,133
2026-05-13 21:33:44,PLC,0,Cmd413,0,0,0,0,0,0,0,0,0,0
2026-05-13 21:37:18,PLC,0,Cmd405,10004,0,0,0,0,0,0,0,0,0
2026-05-13 21:48:07,PLC,0,Cmd421,26,53,49152,1313,648,0,0,2001,1,253
2026-05-13 21:48:19,PLC,0,Cmd413,0,0,0,0,0,0,0,0,0,0
2026-05-13 21:50:51,PLC,0,Cmd405,10004,0,0,0,0,0,0,0,0,0
2026-05-13 22:34:47,PLC,0,Cmd102,0,0,0,0,0,0,0,0,0,0
2026-05-13 22:40:33,PLC,0,Cmd101,0,0,0,0,0,0,0,0,0,0
2026-05-13 22:40:35,PLC,0,Cmd101,0,0,0,0,0,0,0,0,0,0
2026-05-13 22:40:37,PLC,0,Cmd107,0,0,0,0,0,0,0,0,0,0
2026-05-13 22:40:37,RPD,0,Cmd302,0,0,0,0,0,0,0,0,0,0
2026-05-13 22:43:47,PLC,0,Cmd421,26,68,49152,1024,8,0,0,2001,1,101
2026-05-13 22:43:59,PLC,0,Cmd413,0,0,0,0,0,0,0,0,0,0
2026-05-13 22:45:30,PLC,0,Cmd405,10004,0,0,0,0,0,0,0,0,0
2026-05-13 22:53:46,PLC,0,Cmd421,50,9,28674,0,0,0,0,2002,1,160
2026-05-13 22:53:48,PLC,0,Cmd303,0,0,0,0,0,0,0,0,0,0
2026-05-13 22:53:57,PLC,0,Cmd140,0,0,0,0,0,0,0,0,0,0
2026-05-13 22:54:09,PLC,0,Cmd141,0,0,0,0,0,0,0,0,0,0
2026-05-13 22:54:09,PLC,0,Cmd106,0,0,0,0,0,0,0,0,0,0
2026-05-13 22:54:10,PLC,0,Cmd1,0,0,0,0,0,0,0,0,0,0
2026-05-13 22:54:11,PLC,0,Cmd101,0,0,0,0,0,0,0,0,0,0
2026-05-13 22:54:13,PLC,0,Cmd101,0,0,0,0,0,0,0,0,0,0
2026-05-13 22:54:19,PLC,0,Cmd302,0,0,0,0,0,0,0,0,0,0
2026-05-13 22:54:20,PLC,0,Cmd101,0,0,0,0,0,0,0,0,0,0
2026-05-13 22:54:23,PLC,0,Cmd101,0,0,0,0,0,0,0,0,0,0
2026-05-13 22:54:26,PLC,0,Cmd101,0,0,0,0,0,0,0,0,0,0
2026-05-13 22:54:28,PLC,0,Cmd101,0,0,0,0,0,0,0,0,0,0
2026-05-13 22:54:31,PLC,0,Cmd101,0,0,0,0,0,0,0,0,0,0
2026-05-13 22:54:35,PLC,0,Cmd101,0,0,0,0,0,0,0,0,0,0
2026-05-13 22:54:39,PLC,0,Cmd101,0,0,0,0,0,0,0,0,0,0
2026-05-13 22:54:41,PLC,0,Cmd303,0,0,0,0,0,0,0,0,0,0
2026-05-13 22:54:45,PLC,0,Cmd140,0,0,0,0,0,0,0,0,0,0
2026-05-13 22:54:46,PLC,0,Cmd141,0,0,0,0,0,0,0,0,0,0
2026-05-13 22:54:47,PLC,0,Cmd106,0,0,0,0,0,0,0,0,0,0
2026-05-13 22:54:48,PLC,0,Cmd101,0,0,0,0,0,0,0,0,0,0
2026-05-13 22:54:49,PLC,0,Cmd1,0,0,0,0,0,0,0,0,0,0
2026-05-13 22:54:49,PLC,0,Cmd101,0,0,0,0,0,0,0,0,0,0
2026-05-13 22:54:51,PLC,0,Cmd101,0,0,0,0,0,0,0,0,0,0
2026-05-13 22:54:55,PLC,0,Cmd302,0,0,0,0,0,0,0,0,0,0
2026-05-13 22:54:58,PLC,0,Cmd101,0,0,0,0,0,0,0,0,0,0
2026-05-13 22:55:00,PLC,0,Cmd101,0,0,0,0,0,0,0,0,0,0
2026-05-13 22:55:16,PLC,0,Cmd303,0,0,0,0,0,0,0,0,0,0
2026-05-13 22:55:16,PLC,0,Cmd102,0,0,0,0,0,0,0,0,0,0
2026-05-13 22:55:17,PLC,0,Cmd2,0,0,0,0,0,0,0,0,0,0
2026-05-13 22:55:43,RA2,0,Cmd107,2,0,0,0,0,0,0,0,0,0
2026-05-13 22:55:43,RPD,0,Cmd400,10001,0,0,0,0,0,0,0,0,0
2026-05-13 22:56:15,PLC,0,Cmd101,0,0,0,0,0,0,0,0,0,0
2026-05-13 22:56:22,PLC,0,Cmd1,0,0,0,0,0,0,0,0,0,0
2026-05-13 22:56:25,PLC,0,Cmd303,0,0,0,0,0,0,0,0,0,0
2026-05-13 22:56:26,PLC,0,Cmd102,0,0,0,0,0,0,0,0,0,0
2026-05-13 22:56:27,PLC,0,Cmd101,0,0,0,0,0,0,0,0,0,0
2026-05-13 22:56:27,PLC,0,Cmd302,0,0,0,0,0,0,0,0,0,0
2026-05-13 22:56:27,PLC,0,Cmd203,0,0,0,0,0,0,0,0,0,0
2026-05-13 22:56:28,PLC,0,Cmd107,0,0,0,0,0,0,0,0,0,0
2026-05-13 22:56:28,RPD,0,Cmd302,0,0,0,0,0,0,0,0,0,0
2026-05-13 22:56:50,PLC,0,Cmd101,0,0,0,0,0,0,0,0,0,0
2026-05-13 22:58:32,PLC,0,Cmd107,1,0,0,0,0,0,0,0,0,0
2026-05-13 22:58:32,RPD,0,Cmd302,0,0,0,0,0,0,0,0,0,0
2026-05-13 22:58:52,PLC,0,Cmd421,50,9,28674,0,0,0,0,2002,1,160
2026-05-13 22:59:17,PLC,0,Cmd101,0,0,0,0,0,0,0,0,0,0
2026-05-13 22:59:18,PLC,0,Cmd101,0,0,0,0,0,0,0,0,0,0
2026-05-13 22:59:19,PLC,0,Cmd203,0,0,0,0,0,0,0,0,0,0
2026-05-13 22:59:20,PLC,0,Cmd107,0,0,0,0,0,0,0,0,0,0
2026-05-13 22:59:20,RPD,0,Cmd302,0,0,0,0,0,0,0,0,0,0
2026-05-13 22:59:21,PLC,0,Cmd101,0,0,0,0,0,0,0,0,0,0
2026-05-13 22:59:22,PLC,0,Cmd101,0,0,0,0,0,0,0,0,0,0
2026-05-13 22:59:24,PLC,0,Cmd101,0,0,0,0,0,0,0,0,0,0
2026-05-13 22:59:26,PLC,0,Cmd101,0,0,0,0,0,0,0,0,0,0
2026-05-13 22:59:26,PLC,0,Cmd203,0,0,0,0,0,0,0,0,0,0
2026-05-13 22:59:27,PLC,0,Cmd107,0,0,0,0,0,0,0,0,0,0
2026-05-13 22:59:27,RPD,0,Cmd302,0,0,0,0,0,0,0,0,0,0
2026-05-13 22:59:29,PLC,0,Cmd101,0,0,0,0,0,0,0,0,0,0
2026-05-13 22:59:31,PLC,0,Cmd101,0,0,0,0,0,0,0,0,0,0
2026-05-13 22:59:31,PLC,0,Cmd203,0,0,0,0,0,0,0,0,0,0
2026-05-13 22:59:32,PLC,0,Cmd107,0,0,0,0,0,0,0,0,0,0
2026-05-13 22:59:32,RPD,0,Cmd302,0,0,0,0,0,0,0,0,0,0
2026-05-13 22:59:54,PLC,0,Cmd101,0,0,0,0,0,0,0,0,0,0
2026-05-13 22:59:55,PLC,0,Cmd101,0,0,0,0,0,0,0,0,0,0
2026-05-13 22:59:57,PLC,0,Cmd203,0,0,0,0,0,0,0,0,0,0
2026-05-13 22:59:58,PLC,0,Cmd107,0,0,0,0,0,0,0,0,0,0
2026-05-13 22:59:58,RPD,0,Cmd302,0,0,0,0,0,0,0,0,0,0
2026-05-13 23:00:18,PLC,0,Cmd107,1,0,0,0,0,0,0,0,0,0
2026-05-13 23:00:18,RPD,0,Cmd302,0,0,0,0,0,0,0,0,0,0
2026-05-13 23:00:20,PLC,0,Cmd101,0,0,0,0,0,0,0,0,0,0
2026-05-13 23:00:21,PLC,0,Cmd203,0,0,0,0,0,0,0,0,0,0
2026-05-13 23:00:22,PLC,0,Cmd107,0,0,0,0,0,0,0,0,0,0
2026-05-13 23:00:22,RPD,0,Cmd302,0,0,0,0,0,0,0,0,0,0
2026-05-13 23:00:23,PLC,0,Cmd107,1,0,0,0,0,0,0,0,0,0
2026-05-13 23:00:23,RPD,0,Cmd302,0,0,0,0,0,0,0,0,0,0
2026-05-13 23:00:28,PLC,0,Cmd111,0,0,0,0,0,0,0,0,0,0
2026-05-13 23:00:29,PLC,0,Cmd303,0,0,0,0,0,0,0,0,0,0
2026-05-13 23:00:29,PLC,0,Cmd102,0,0,0,0,0,0,0,0,0,0
2026-05-13 23:00:30,PLC,0,Cmd2,0,0,0,0,0,0,0,0,0,0
2026-05-13 23:01:20,RA2,0,Cmd110,0,0,0,0,0,0,0,0,0,0
2026-05-13 23:01:20,RA2,0,Cmd103,0,0,0,0,0,0,0,0,0,0
2026-05-13 23:01:23,RA2,0,Cmd302,0,0,0,0,0,0,0,0,0,0
2026-05-13 23:02:16,RA2,0,Cmd401,0,1,1,0,0,0,0,0,0,0
2026-05-13 23:02:16,RPD,0,Cmd422,0,999,0,0,0,1,1,0,1,0
2026-05-13 23:03:30,PLC,0,Cmd101,0,0,0,0,0,0,0,0,0,0
2026-05-13 23:03:44,PLC,0,Cmd1,0,0,0,0,0,0,0,0,0,0
2026-05-13 23:03:49,PLC,0,Cmd302,0,0,0,0,0,0,0,0,0,0
2026-05-13 23:03:52,PLC,0,Cmd101,0,0,0,0,0,0,0,0,0,0
2026-05-13 23:03:53,PLC,0,Cmd101,0,0,0,0,0,0,0,0,0,0
2026-05-13 23:04:04,PLC,0,Cmd421,50,9,28674,0,0,0,0,2002,1,160
2026-05-13 23:04:46,PLC,0,Cmd101,0,0,0,0,0,0,0,0,0,0
2026-05-13 23:04:48,PLC,0,Cmd101,0,0,0,0,0,0,0,0,0,0
2026-05-13 23:04:49,PLC,0,Cmd101,0,0,0,0,0,0,0,0,0,0
2026-05-13 23:04:50,PLC,0,Cmd101,0,0,0,0,0,0,0,0,0,0
2026-05-13 23:04:51,PLC,0,Cmd203,0,0,0,0,0,0,0,0,0,0
2026-05-13 23:04:52,PLC,0,Cmd107,0,0,0,0,0,0,0,0,0,0
2026-05-13 23:04:52,RPD,0,Cmd302,0,0,0,0,0,0,0,0,0,0
2026-05-13 23:05:00,PLC,0,Cmd303,0,0,0,0,0,0,0,0,0,0
2026-05-13 23:05:01,PLC,0,Cmd302,0,0,0,0,0,0,0,0,0,0
2026-05-13 23:05:02,PLC,0,Cmd101,0,0,0,0,0,0,0,0,0,0
2026-05-13 23:05:03,PLC,0,Cmd203,0,0,0,0,0,0,0,0,0,0
2026-05-13 23:05:04,PLC,0,Cmd107,0,0,0,0,0,0,0,0,0,0
2026-05-13 23:05:04,RPD,0,Cmd302,0,0,0,0,0,0,0,0,0,0
2026-05-13 23:05:09,PLC,0,Cmd111,0,0,0,0,0,0,0,0,0,0
2026-05-13 23:05:09,PLC,0,Cmd303,0,0,0,0,0,0,0,0,0,0
2026-05-13 23:05:10,PLC,0,Cmd102,0,0,0,0,0,0,0,0,0,0
2026-05-13 23:05:10,PLC,0,Cmd2,0,0,0,0,0,0,0,0,0,0
2026-05-13 23:05:56,RA2,0,Cmd107,2,0,0,0,0,0,0,0,0,0
2026-05-13 23:05:56,RPD,0,Cmd400,10001,0,0,0,0,0,0,0,0,0
2026-05-13 23:07:01,PLC,0,Cmd101,0,0,0,0,0,0,0,0,0,0
2026-05-13 23:07:02,PLC,0,Cmd101,0,0,0,0,0,0,0,0,0,0
2026-05-13 23:07:11,RA2,0,Cmd401,0,1,2,0,0,0,0,0,0,0
2026-05-13 23:07:11,RPD,0,Cmd422,0,999,0,0,0,1,2,0,1,0
2026-05-13 23:07:36,PLC,0,Cmd101,0,0,0,0,0,0,0,0,0,0
2026-05-13 23:07:39,RA2,0,Cmd101,0,0,0,0,0,0,0,0,0,0
2026-05-13 23:07:40,RA2,0,Cmd101,0,0,0,0,0,0,0,0,0,0
2026-05-13 23:07:40,RA2,0,Cmd101,0,0,0,0,0,0,0,0,0,0
2026-05-13 23:07:40,RA2,0,Cmd101,0,0,0,0,0,0,0,0,0,0
2026-05-13 23:07:41,RA2,0,Cmd101,0,0,0,0,0,0,0,0,0,0
2026-05-13 23:07:41,RA2,0,Cmd101,0,0,0,0,0,0,0,0,0,0
2026-05-13 23:07:41,RA2,0,Cmd101,0,0,0,0,0,0,0,0,0,0
2026-05-13 23:07:41,RA2,0,Cmd101,0,0,0,0,0,0,0,0,0,0
2026-05-13 23:07:41,RA2,0,Cmd101,0,0,0,0,0,0,0,0,0,0
2026-05-13 23:08:00,RA2,0,Cmd401,0,1,1,0,0,0,0,0,0,0
2026-05-13 23:08:00,RPD,-1,Cmd422,0,999,0,0,0,1,1,0,1,0
2026-05-13 23:08:22,RA2,0,Cmd416,0,0,0,0,0,0,0,0,0,0
2026-05-13 23:08:35,RA2,0,Cmd102,0,0,0,0,0,0,0,0,0,0
2026-05-13 23:08:42,RA2,0,Cmd107,2,0,0,0,0,0,0,0,0,0
2026-05-13 23:08:42,RPD,0,Cmd400,10001,0,0,0,0,0,0,0,0,0
2026-05-13 23:08:49,RA2,0,Cmd401,0,1,1,0,0,0,0,0,0,0
2026-05-13 23:08:49,RPD,0,Cmd422,0,999,0,0,0,1,1,0,1,0
2026-05-13 23:08:54,RA2,0,Cmd401,0,1,2,0,0,0,0,0,0,0
2026-05-13 23:08:54,RPD,0,Cmd422,0,999,0,0,0,1,2,0,1,0
2026-05-13 23:10:24,PLC,0,Cmd1,0,0,0,0,0,0,0,0,0,0
2026-05-13 23:10:26,PLC,0,Cmd101,0,0,0,0,0,0,0,0,0,0
2026-05-13 23:11:29,PLC,0,Cmd303,0,0,0,0,0,0,0,0,0,0
2026-05-13 23:11:30,PLC,0,Cmd102,0,0,0,0,0,0,0,0,0,0
2026-05-13 23:11:30,PLC,0,Cmd302,0,0,0,0,0,0,0,0,0,0
2026-05-13 23:11:31,PLC,0,Cmd101,0,0,0,0,0,0,0,0,0,0
2026-05-13 23:11:32,PLC,0,Cmd107,0,0,0,0,0,0,0,0,0,0
2026-05-13 23:11:32,RPD,0,Cmd302,0,0,0,0,0,0,0,0,0,0
2026-05-13 23:14:00,PLC,0,Cmd107,1,0,0,0,0,0,0,0,0,0
2026-05-13 23:14:00,RPD,0,Cmd302,0,0,0,0,0,0,0,0,0,0
2026-05-13 23:14:05,PLC,0,Cmd101,0,0,0,0,0,0,0,0,0,0
2026-05-13 23:14:17,PLC,0,Cmd421,56,25,49152,1535,255,0,0,2003,1,46
2026-05-13 23:14:30,PLC,0,Cmd413,0,0,0,0,0,0,0,0,0,0
2026-05-13 23:16:36,PLC,0,Cmd303,0,0,0,0,0,0,0,0,0,0
2026-05-13 23:16:37,PLC,0,Cmd302,0,0,0,0,0,0,0,0,0,0
2026-05-13 23:16:37,PLC,0,Cmd101,0,0,0,0,0,0,0,0,0,0
2026-05-13 23:18:05,PLC,0,Cmd421,50,25,24578,0,0,0,0,2003,1,223
2026-05-13 23:18:10,PLC,0,Cmd413,0,0,0,0,0,0,0,0,0,0
2026-05-13 23:18:54,PLC,0,Cmd421,51,25,24578,0,0,0,0,2003,1,223
2026-05-13 23:18:58,PLC,0,Cmd413,0,0,0,0,0,0,0,0,0,0
2026-05-13 23:21:23,PLC,0,Cmd405,10004,0,0,0,0,0,0,0,0,0
2026-05-13 23:23:20,PLC,0,Cmd102,0,0,0,0,0,0,0,0,0,0
2026-05-13 23:23:21,PLC,0,Cmd111,0,0,0,0,0,0,0,0,0,0
2026-05-13 23:23:22,PLC,0,Cmd303,0,0,0,0,0,0,0,0,0,0
2026-05-13 23:23:22,PLC,0,Cmd140,0,0,0,0,0,0,0,0,0,0
2026-05-13 23:26:57,PLC,0,Cmd141,0,0,0,0,0,0,0,0,0,0
2026-05-13 23:26:58,PLC,0,Cmd101,0,0,0,0,0,0,0,0,0,0
2026-05-13 23:26:59,PLC,0,Cmd106,0,0,0,0,0,0,0,0,0,0
2026-05-13 23:27:00,PLC,0,Cmd1,0,0,0,0,0,0,0,0,0,0
2026-05-13 23:27:00,PLC,0,Cmd101,0,0,0,0,0,0,0,0,0,0
2026-05-13 23:27:01,PLC,0,Cmd302,0,0,0,0,0,0,0,0,0,0
2026-05-13 23:27:03,PLC,0,Cmd107,0,0,0,0,0,0,0,0,0,0
2026-05-13 23:27:03,RPD,0,Cmd302,0,0,0,0,0,0,0,0,0,0
2026-05-13 23:31:32,PLC,0,Cmd421,22,11,16448,0,0,0,0,2001,1,245
2026-05-13 23:31:45,PLC,0,Cmd413,0,0,0,0,0,0,0,0,0,0
2026-05-13 23:35:19,PLC,0,Cmd405,10004,0,0,0,0,0,0,0,0,0
2026-05-13 23:54:33,PLC,0,Cmd303,0,0,0,0,0,0,0,0,0,0
2026-05-13 23:57:32,PLC,0,Cmd101,0,0,0,0,0,0,0,0,0,0
2026-05-13 23:57:32,PLC,0,Cmd302,0,0,0,0,0,0,0,0,0,0
2026-05-13 23:57:33,PLC,0,Cmd101,0,0,0,0,0,0,0,0,0,0
2026-05-13 23:57:34,PLC,0,Cmd101,0,0,0,0,0,0,0,0,0,0
2026-05-13 23:57:36,PLC,0,Cmd107,0,0,0,0,0,0,0,0,0,0
2026-05-13 23:57:36,RPD,0,Cmd302,0,0,0,0,0,0,0,0,0,0
2026-05-14 00:01:09,PLC,0,Cmd421,22,146,16448,0,0,0,0,2001,1,56
2026-05-14 00:01:22,PLC,0,Cmd413,0,0,0,0,0,0,0,0,0,0
2026-05-14 00:04:56,PLC,0,Cmd405,10004,0,0,0,0,0,0,0,0,0
2026-05-14 00:06:23,PLC,0,Cmd421,50,16,24577,0,0,0,0,2002,1,207
2026-05-14 00:06:36,PLC,0,Cmd413,0,0,0,0,0,0,0,0,0,0
2026-05-14 00:07:20,PLC,0,Cmd421,51,16,24577,0,0,0,0,2002,1,207
2026-05-14 00:07:24,PLC,0,Cmd413,0,0,0,0,0,0,0,0,0,0
2026-05-14 00:09:28,PLC,0,Cmd405,10004,0,0,0,0,0,0,0,0,0
2026-05-14 00:15:48,PLC,0,Cmd421,26,146,49152,52,650,0,0,2003,1,192
2026-05-14 00:16:01,PLC,0,Cmd413,0,0,0,0,0,0,0,0,0,0
2026-05-14 00:18:09,PLC,0,Cmd405,10004,0,0,0,0,0,0,0,0,0
2026-05-14 00:21:51,PLC,0,Cmd421,22,11,16385,0,0,0,0,2001,1,14
2026-05-14 00:22:03,PLC,0,Cmd413,0,0,0,0,0,0,0,0,0,0
2026-05-14 00:25:37,PLC,0,Cmd405,10004,0,0,0,0,0,0,0,0,0
2026-05-14 00:38:23,PLC,0,Cmd421,22,68,16386,0,0,0,0,2002,1,163
2026-05-14 00:38:36,PLC,0,Cmd413,0,0,0,0,0,0,0,0,0,0
2026-05-14 00:42:10,PLC,0,Cmd405,10004,0,0,0,0,0,0,0,0,0
2026-05-14 00:52:01,PLC,0,Cmd421,26,56,49152,1333,650,0,0,3001,1,240
2026-05-14 00:52:14,PLC,0,Cmd413,0,0,0,0,0,0,0,0,0,0
2026-05-14 00:54:57,PLC,0,Cmd405,10004,0,0,0,0,0,0,0,0,0
2026-05-14 00:58:33,PLC,0,Cmd421,22,56,16386,0,0,0,0,3001,1,49
2026-05-14 00:58:37,PLC,0,Cmd413,0,0,0,0,0,0,0,0,0,0
2026-05-14 01:02:11,PLC,0,Cmd405,10004,0,0,0,0,0,0,0,0,0
2026-05-14 01:08:50,PLC,0,Cmd421,50,69,24578,0,0,0,0,2001,1,158
2026-05-14 01:09:03,PLC,0,Cmd413,0,0,0,0,0,0,0,0,0,0
2026-05-14 01:09:47,PLC,0,Cmd421,51,69,24578,0,0,0,0,2001,1,158
2026-05-14 01:09:51,PLC,0,Cmd413,0,0,0,0,0,0,0,0,0,0
2026-05-14 01:12:15,PLC,0,Cmd405,10004,0,0,0,0,0,0,0,0,0
2026-05-14 01:23:13,PLC,0,Cmd421,56,34,49152,1535,255,0,0,2002,1,91
2026-05-14 01:23:26,PLC,0,Cmd413,0,0,0,0,0,0,0,0,0,0
2026-05-14 01:25:39,PLC,0,Cmd405,10004,0,0,0,0,0,0,0,0,0
2026-05-14 01:28:19,PLC,0,Cmd421,50,34,24578,0,0,0,0,2002,1,52
2026-05-14 01:28:24,PLC,0,Cmd413,0,0,0,0,0,0,0,0,0,0
2026-05-14 01:29:07,PLC,0,Cmd421,51,34,24578,0,0,0,0,2002,1,52
2026-05-14 01:29:11,PLC,0,Cmd413,0,0,0,0,0,0,0,0,0,0
2026-05-14 01:31:36,PLC,0,Cmd405,10004,0,0,0,0,0,0,0,0,0
2026-05-14 01:34:57,PLC,0,Cmd421,22,62,16448,0,0,0,0,2003,1,68
2026-05-14 01:35:09,PLC,0,Cmd413,0,0,0,0,0,0,0,0,0,0
2026-05-14 01:38:44,PLC,0,Cmd405,10004,0,0,0,0,0,0,0,0,0
2026-05-14 02:05:45,PLC,0,Cmd421,50,15,24578,0,0,0,0,2001,1,12
2026-05-14 02:05:57,PLC,0,Cmd413,0,0,0,0,0,0,0,0,0,0
2026-05-14 02:06:10,PLC,0,Cmd102,0,0,0,0,0,0,0,0,0,0
2026-05-14 02:06:23,PLC,0,Cmd101,0,0,0,0,0,0,0,0,0,0
2026-05-14 02:06:24,PLC,0,Cmd107,0,0,0,0,0,0,0,0,0,0
2026-05-14 02:06:24,RPD,0,Cmd302,0,0,0,0,0,0,0,0,0,0
2026-05-14 02:06:59,PLC,0,Cmd421,51,15,24578,0,0,0,0,2001,1,12
2026-05-14 02:07:03,PLC,0,Cmd413,0,0,0,0,0,0,0,0,0,0
2026-05-14 02:09:27,PLC,0,Cmd405,10004,0,0,0,0,0,0,0,0,0
2026-05-14 02:11:51,PLC,0,Cmd421,26,69,49152,1024,8,0,0,2002,1,101
2026-05-14 02:12:04,PLC,0,Cmd413,0,0,0,0,0,0,0,0,0,0
2026-05-14 02:13:34,PLC,0,Cmd405,10004,0,0,0,0,0,0,0,0,0
2026-05-14 02:22:04,PLC,0,Cmd421,26,27,49152,309,648,0,0,2003,1,22
2026-05-14 02:22:17,PLC,0,Cmd413,0,0,0,0,0,0,0,0,0,0
2026-05-14 02:24:38,PLC,0,Cmd405,10004,0,0,0,0,0,0,0,0,0
2026-05-14 02:31:34,PLC,0,Cmd421,22,15,16386,0,0,0,0,2001,1,149
2026-05-14 02:31:47,PLC,0,Cmd413,0,0,0,0,0,0,0,0,0,0
2026-05-14 02:35:21,PLC,0,Cmd405,10004,0,0,0,0,0,0,0,0,0
2026-05-14 02:46:12,PLC,0,Cmd421,56,29,49152,1535,255,0,0,2002,1,111
2026-05-14 02:46:25,PLC,0,Cmd413,0,0,0,0,0,0,0,0,0,0
2026-05-14 02:48:37,PLC,0,Cmd405,10004,0,0,0,0,0,0,0,0,0
2026-05-14 02:49:49,PLC,0,Cmd421,26,97,49152,1076,650,0,0,2003,1,2
2026-05-14 02:50:01,PLC,0,Cmd413,0,0,0,0,0,0,0,0,0,0
2026-05-14 02:52:28,PLC,0,Cmd405,10004,0,0,0,0,0,0,0,0,0
2026-05-14 03:04:16,PLC,0,Cmd421,50,29,24578,0,0,0,0,2001,1,202
2026-05-14 03:04:29,PLC,0,Cmd413,0,0,0,0,0,0,0,0,0,0
2026-05-14 03:05:12,PLC,0,Cmd421,51,29,24578,0,0,0,0,2001,1,202
2026-05-14 03:05:16,PLC,0,Cmd413,0,0,0,0,0,0,0,0,0,0
2026-05-14 03:07:41,PLC,0,Cmd405,10004,0,0,0,0,0,0,0,0,0
2026-05-14 04:10:27,PLC,0,Cmd421,22,69,16386,0,0,0,0,2001,1,163
2026-05-14 04:10:40,PLC,0,Cmd413,0,0,0,0,0,0,0,0,0,0
2026-05-14 04:14:15,PLC,0,Cmd405,10004,0,0,0,0,0,0,0,0,0
2026-05-14 04:34:46,PLC,0,Cmd421,22,53,16386,0,0,0,0,2001,1,221
2026-05-14 04:34:59,PLC,0,Cmd413,0,0,0,0,0,0,0,0,0,0
2026-05-14 04:38:33,PLC,0,Cmd405,10004,0,0,0,0,0,0,0,0,0
2026-05-14 04:47:02,PLC,0,Cmd303,0,0,0,0,0,0,0,0,0,0
2026-05-14 05:50:38,PLC,0,Cmd101,0,0,0,0,0,0,0,0,0,0
2026-05-14 05:50:38,PLC,0,Cmd302,0,0,0,0,0,0,0,0,0,0
2026-05-14 05:50:40,PLC,0,Cmd107,0,0,0,0,0,0,0,0,0,0
2026-05-14 05:50:40,RPD,0,Cmd302,0,0,0,0,0,0,0,0,0,0
2026-05-14 05:50:41,PLC,0,Cmd107,0,0,0,0,0,0,0,0,0,0
2026-05-14 05:50:41,RPD,0,Cmd302,0,0,0,0,0,0,0,0,0,0
2026-05-14 05:51:47,PLC,0,Cmd421,56,5,53312,1021,1022,0,0,3001,1,15651
2026-05-14 05:52:06,PLC,0,Cmd413,0,0,0,0,0,0,0,0,0,0
2026-05-14 05:52:32,PLC,0,Cmd101,0,0,0,0,0,0,0,0,0,0
2026-05-14 05:52:39,PLC,0,Cmd101,0,0,0,0,0,0,0,0,0,0
2026-05-14 05:54:14,PLC,0,Cmd405,10004,0,0,0,0,0,0,0,0,0
2026-05-14 05:55:08,PLC,0,Cmd107,1,0,0,0,0,0,0,0,0,0
2026-05-14 05:55:08,RPD,0,Cmd302,0,0,0,0,0,0,0,0,0,0
2026-05-14 05:55:10,PLC,0,Cmd107,1,0,0,0,0,0,0,0,0,0
2026-05-14 05:55:10,RPD,0,Cmd302,0,0,0,0,0,0,0,0,0,0
2026-05-14 05:55:12,PLC,0,Cmd107,1,0,0,0,0,0,0,0,0,0
2026-05-14 05:55:12,RPD,0,Cmd302,0,0,0,0,0,0,0,0,0,0
2026-05-14 05:55:14,PLC,0,Cmd107,1,0,0,0,0,0,0,0,0,0
2026-05-14 05:55:14,RPD,0,Cmd302,0,0,0,0,0,0,0,0,0,0
2026-05-14 05:55:19,PLC,0,Cmd101,0,0,0,0,0,0,0,0,0,0
2026-05-14 06:03:53,PLC,0,Cmd107,1,0,0,0,0,0,0,0,0,0
2026-05-14 06:03:53,RPD,0,Cmd302,0,0,0,0,0,0,0,0,0,0
2026-05-14 06:09:13,PLC,0,Cmd421,26,20,49152,1333,654,0,0,2002,1,67
2026-05-14 06:09:27,PLC,0,Cmd413,0,0,0,0,0,0,0,0,0,0
2026-05-14 06:12:09,PLC,0,Cmd405,10004,0,0,0,0,0,0,0,0,0
2026-05-14 06:42:00,PLC,0,Cmd303,0,0,0,0,0,0,0,0,0,0
2026-05-14 06:44:33,PLC,0,Cmd101,0,0,0,0,0,0,0,0,0,0
2026-05-14 06:44:33,PLC,0,Cmd302,0,0,0,0,0,0,0,0,0,0
2026-05-14 06:44:35,PLC,0,Cmd107,0,0,0,0,0,0,0,0,0,0
2026-05-14 06:44:35,RPD,0,Cmd302,0,0,0,0,0,0,0,0,0,0
2026-05-14 06:50:45,PLC,0,Cmd421,50,11,57346,61,4147,0,0,2001,1,96
2026-05-14 06:50:59,PLC,0,Cmd413,0,0,0,0,0,0,0,0,0,0
2026-05-14 06:51:42,PLC,0,Cmd421,51,11,57346,61,4147,0,0,2001,1,96
2026-05-14 06:51:46,PLC,0,Cmd413,0,0,0,0,0,0,0,0,0,0
2026-05-14 06:53:50,PLC,0,Cmd405,10004,0,0,0,0,0,0,0,0,0
2026-05-14 07:16:13,PLC,0,Cmd421,22,12,16386,0,0,0,0,2002,1,153
2026-05-14 07:16:25,PLC,0,Cmd413,0,0,0,0,0,0,0,0,0,0
2026-05-14 07:20:00,PLC,0,Cmd405,10004,0,0,0,0,0,0,0,0,0
2026-05-14 07:25:41,PLC,0,Cmd421,22,20,16386,0,0,0,0,2001,1,126
2026-05-14 07:25:54,PLC,0,Cmd413,0,0,0,0,0,0,0,0,0,0
2026-05-14 07:29:28,PLC,0,Cmd405,10004,0,0,0,0,0,0,0,0,0
2026-05-14 07:40:34,PLC,0,Cmd303,0,0,0,0,0,0,0,0,0,0
2026-05-14 07:41:04,PLC,0,Cmd101,0,0,0,0,0,0,0,0,0,0
2026-05-14 07:41:05,PLC,0,Cmd302,0,0,0,0,0,0,0,0,0,0
2026-05-14 07:41:07,PLC,0,Cmd107,0,0,0,0,0,0,0,0,0,0
2026-05-14 07:41:07,RPD,0,Cmd302,0,0,0,0,0,0,0,0,0,0
2026-05-14 07:43:26,PLC,0,Cmd421,22,12,16386,0,0,0,0,2003,1,119
2026-05-14 07:43:39,PLC,0,Cmd413,0,0,0,0,0,0,0,0,0,0
2026-05-14 07:47:13,PLC,0,Cmd405,10004,0,0,0,0,0,0,0,0,0
2026-05-14 08:10:49,PLC,0,Cmd421,22,67,16448,0,0,0,0,2001,1,103
2026-05-14 08:11:02,PLC,0,Cmd413,0,0,0,0,0,0,0,0,0,0
2026-05-14 08:14:36,PLC,0,Cmd405,10004,0,0,0,0,0,0,0,0,0
2026-05-14 08:17:22,PLC,0,Cmd421,22,27,16385,0,0,0,0,2002,1,138
2026-05-14 08:17:34,PLC,0,Cmd413,0,0,0,0,0,0,0,0,0,0
2026-05-14 08:21:09,PLC,0,Cmd405,10004,0,0,0,0,0,0,0,0,0
2026-05-14 08:33:54,PLC,0,Cmd421,22,20,16386,0,0,0,0,2003,1,133
2026-05-14 08:34:07,PLC,0,Cmd413,0,0,0,0,0,0,0,0,0,0
2026-05-14 08:37:42,PLC,0,Cmd405,10004,0,0,0,0,0,0,0,0,0
2026-05-14 08:47:05,PLC,0,Cmd421,56,35,49152,1535,255,0,0,2001,1,91
2026-05-14 08:47:18,PLC,0,Cmd413,0,0,0,0,0,0,0,0,0,0
2026-05-14 08:49:30,PLC,0,Cmd405,10004,0,0,0,0,0,0,0,0,0
2026-05-14 08:52:11,PLC,0,Cmd421,50,35,24578,0,0,0,0,2001,1,52
2026-05-14 08:52:16,PLC,0,Cmd413,0,0,0,0,0,0,0,0,0,0
2026-05-14 08:52:59,PLC,0,Cmd421,51,35,24578,0,0,0,0,2001,1,52
2026-05-14 08:53:03,PLC,0,Cmd413,0,0,0,0,0,0,0,0,0,0
2026-05-14 08:55:28,PLC,0,Cmd405,10004,0,0,0,0,0,0,0,0,0
2026-05-14 09:12:42,PLC,0,Cmd421,26,99,49152,1313,650,0,0,2001,1,106
2026-05-14 09:12:54,PLC,0,Cmd413,0,0,0,0,0,0,0,0,0,0
2026-05-14 09:15:25,PLC,0,Cmd405,10004,0,0,0,0,0,0,0,0,0
2026-05-14 09:23:11,PLC,0,Cmd421,22,99,16386,0,0,0,0,2002,1,37
2026-05-14 09:23:15,PLC,0,Cmd413,0,0,0,0,0,0,0,0,0,0
2026-05-14 09:26:50,PLC,0,Cmd405,10004,0,0,0,0,0,0,0,0,0
2026-05-14 09:27:46,PLC,0,Cmd101,0,0,0,0,0,0,0,0,0,0
2026-05-14 09:29:51,PLC,0,Cmd101,0,0,0,0,0,0,0,0,0,0
2026-05-14 09:29:56,PLC,0,Cmd101,0,0,0,0,0,0,0,0,0,0
2026-05-14 09:34:31,PLC,0,Cmd101,0,0,0,0,0,0,0,0,0,0
2026-05-14 09:35:38,PLC,0,Cmd421,28,150,16385,0,0,0,0,2001,1,78
2026-05-14 09:35:50,PLC,0,Cmd413,0,0,0,0,0,0,0,0,0,0
2026-05-14 09:38:53,PLC,0,Cmd405,10004,0,0,0,0,0,0,0,0,0
2026-05-14 09:45:28,PLC,0,Cmd421,50,20,24578,0,0,0,0,2003,1,233
2026-05-14 09:45:41,PLC,0,Cmd413,0,0,0,0,0,0,0,0,0,0
2026-05-14 09:46:25,PLC,0,Cmd421,51,20,24578,0,0,0,0,2003,1,233
2026-05-14 09:46:29,PLC,0,Cmd413,0,0,0,0,0,0,0,0,0,0
2026-05-14 09:48:53,PLC,0,Cmd405,10004,0,0,0,0,0,0,0,0,0
2026-05-14 10:06:44,PLC,0,Cmd421,26,77,49152,1333,648,0,0,2002,1,102
2026-05-14 10:06:57,PLC,0,Cmd413,0,0,0,0,0,0,0,0,0,0
2026-05-14 10:09:40,PLC,0,Cmd405,10004,0,0,0,0,0,0,0,0,0
2026-05-14 10:13:28,PLC,0,Cmd421,22,77,16386,0,0,0,0,2002,1,148
2026-05-14 10:13:33,PLC,0,Cmd413,0,0,0,0,0,0,0,0,0,0
2026-05-14 10:17:07,PLC,0,Cmd405,10004,0,0,0,0,0,0,0,0,0
2026-05-14 10:21:42,PLC,0,Cmd421,56,53,49152,1535,255,0,0,2001,1,110
2026-05-14 10:21:55,PLC,0,Cmd413,0,0,0,0,0,0,0,0,0,0
2026-05-14 10:24:08,PLC,0,Cmd405,10004,0,0,0,0,0,0,0,0,0
2026-05-14 10:30:02,PLC,0,Cmd421,50,53,24578,0,0,0,0,2001,1,105
2026-05-14 10:30:06,PLC,0,Cmd413,0,0,0,0,0,0,0,0,0,0
2026-05-14 10:30:50,PLC,0,Cmd421,51,53,24578,0,0,0,0,2001,1,105
2026-05-14 10:30:54,PLC,0,Cmd413,0,0,0,0,0,0,0,0,0,0
2026-05-14 10:33:19,PLC,0,Cmd405,10004,0,0,0,0,0,0,0,0,0
2026-05-14 12:42:51,PLC,0,Cmd421,50,9,28674,0,0,0,0,2001,1,160
2026-05-14 12:43:04,PLC,0,Cmd413,0,0,0,0,0,0,0,0,0,0
2026-05-14 12:43:48,PLC,0,Cmd421,58,9,28674,0,0,0,0,2001,1,160
2026-05-14 12:43:52,PLC,0,Cmd413,0,0,0,0,0,0,0,0,0,0
2026-05-14 12:46:51,PLC,0,Cmd405,10004,0,0,0,0,0,0,0,0,0
2026-05-14 13:08:30,PLC,0,Cmd421,56,146,49152,1535,255,0,0,2002,1,45
2026-05-14 13:08:43,PLC,0,Cmd413,0,0,0,0,0,0,0,0,0,0
2026-05-14 13:10:51,PLC,0,Cmd405,10004,0,0,0,0,0,0,0,0,0
2026-05-14 13:13:37,PLC,0,Cmd421,50,146,24578,0,0,0,0,2002,1,204
2026-05-14 13:13:41,PLC,0,Cmd413,0,0,0,0,0,0,0,0,0,0
2026-05-14 13:14:25,PLC,0,Cmd421,51,146,24578,0,0,0,0,2002,1,204
2026-05-14 13:14:29,PLC,0,Cmd413,0,0,0,0,0,0,0,0,0,0
2026-05-14 13:16:54,PLC,0,Cmd405,10004,0,0,0,0,0,0,0,0,0
2026-05-14 14:14:53,PLC,0,Cmd421,22,97,16448,0,0,0,0,2001,1,35
2026-05-14 14:15:06,PLC,0,Cmd413,0,0,0,0,0,0,0,0,0,0
2026-05-14 14:18:40,PLC,0,Cmd405,10004,0,0,0,0,0,0,0,0,0
2026-05-14 14:41:02,PLC,0,Cmd421,22,11,16386,0,0,0,0,2001,1,50
2026-05-14 14:41:15,PLC,0,Cmd413,0,0,0,0,0,0,0,0,0,0
2026-05-14 14:44:50,PLC,0,Cmd405,10004,0,0,0,0,0,0,0,0,0
2026-05-14 14:51:02,PLC,0,Cmd101,0,0,0,0,0,0,0,0,0,0
2026-05-14 15:15:46,PLC,0,Cmd421,99,99,49152,0,0,0,0,2001,1,76
2026-05-14 15:15:59,PLC,0,Cmd413,0,0,0,0,0,0,0,0,0,0
2026-05-14 15:18:57,PLC,0,Cmd405,10004,0,0,0,0,0,0,0,0,0
2026-05-14 15:22:47,PLC,0,Cmd421,56,29,49152,1535,255,0,0,2002,1,164
2026-05-14 15:23:00,PLC,0,Cmd413,0,0,0,0,0,0,0,0,0,0
2026-05-14 15:25:07,PLC,0,Cmd405,10004,0,0,0,0,0,0,0,0,0
2026-05-14 15:36:05,PLC,0,Cmd421,50,29,24578,0,0,0,0,2002,1,171
2026-05-14 15:36:09,PLC,0,Cmd413,0,0,0,0,0,0,0,0,0,0
2026-05-14 15:36:53,PLC,0,Cmd421,51,29,24578,0,0,0,0,2002,1,171
2026-05-14 15:36:57,PLC,0,Cmd413,0,0,0,0,0,0,0,0,0,0
2026-05-14 15:39:22,PLC,0,Cmd405,10004,0,0,0,0,0,0,0,0,0
2026-05-14 15:39:48,PLC,0,Cmd421,26,145,49152,32,648,0,0,2003,1,36
2026-05-14 15:40:21,PLC,0,Cmd413,0,0,0,0,0,0,0,0,0,0
2026-05-14 15:42:20,PLC,0,Cmd405,10004,0,0,0,0,0,0,0,0,0
2026-05-14 15:45:15,PLC,0,Cmd421,22,145,16448,0,0,0,0,2003,1,206
2026-05-14 15:45:19,PLC,0,Cmd413,0,0,0,0,0,0,0,0,0,0
2026-05-14 15:48:54,PLC,0,Cmd405,10004,0,0,0,0,0,0,0,0,0
2026-05-14 15:54:27,PLC,0,Cmd421,22,55,49154,0,481,0,0,2001,1,49
2026-05-14 15:54:40,PLC,0,Cmd413,0,0,0,0,0,0,0,0,0,0
2026-05-14 15:56:58,PLC,0,Cmd405,10004,0,0,0,0,0,0,0,0,0
2026-05-14 16:05:44,PLC,0,Cmd421,26,55,49152,1332,642,0,0,2002,1,240
2026-05-14 16:05:48,PLC,0,Cmd413,0,0,0,0,0,0,0,0,0,0
2026-05-14 16:08:24,PLC,0,Cmd405,10004,0,0,0,0,0,0,0,0,0
2026-05-14 17:29:16,PLC,0,Cmd421,22,26,53312,0,1,0,0,2001,1,212
2026-05-14 17:29:29,PLC,0,Cmd413,0,0,0,0,0,0,0,0,0,0
2026-05-14 17:31:32,PLC,0,Cmd405,10004,0,0,0,0,0,0,0,0,0
2026-05-14 18:51:55,PLC,0,Cmd421,26,99,49152,1333,654,0,0,2001,1,169
2026-05-14 18:52:08,PLC,0,Cmd413,0,0,0,0,0,0,0,0,0,0
2026-05-14 18:54:51,PLC,0,Cmd405,10004,0,0,0,0,0,0,0,0,0
2026-05-14 18:58:28,PLC,0,Cmd421,22,99,16386,0,0,0,0,2001,1,98
2026-05-14 18:58:32,PLC,0,Cmd413,0,0,0,0,0,0,0,0,0,0
2026-05-14 19:02:06,PLC,0,Cmd405,10004,0,0,0,0,0,0,0,0,0
2026-05-14 19:07:00,PLC,0,Cmd421,26,56,49152,1332,642,0,0,3001,1,240
2026-05-14 19:07:14,PLC,0,Cmd413,0,0,0,0,0,0,0,0,0,0
2026-05-14 19:09:50,PLC,0,Cmd405,10004,0,0,0,0,0,0,0,0,0
2026-05-14 19:14:27,PLC,0,Cmd421,22,56,49154,0,481,0,0,3002,1,49
2026-05-14 19:14:31,PLC,0,Cmd413,0,0,0,0,0,0,0,0,0,0
2026-05-14 19:16:49,PLC,0,Cmd405,10004,0,0,0,0,0,0,0,0,0
2026-05-14 19:32:56,PLC,0,Cmd421,26,34,49152,1313,650,0,0,2001,1,192
2026-05-14 19:33:10,PLC,0,Cmd413,0,0,0,0,0,0,0,0,0,0
2026-05-14 19:35:41,PLC,0,Cmd405,10004,0,0,0,0,0,0,0,0,0
2026-05-14 19:41:41,PLC,0,Cmd421,26,146,49152,32,648,0,0,2002,1,36
2026-05-14 19:41:53,PLC,0,Cmd413,0,0,0,0,0,0,0,0,0,0
2026-05-14 19:43:52,PLC,0,Cmd405,10004,0,0,0,0,0,0,0,0,0
2026-05-14 19:52:56,PLC,0,Cmd421,22,146,16448,0,0,0,0,2002,1,206
2026-05-14 19:53:00,PLC,0,Cmd413,0,0,0,0,0,0,0,0,0,0
2026-05-14 19:56:34,PLC,0,Cmd405,10004,0,0,0,0,0,0,0,0,0
2026-05-14 20:03:42,PLC,0,Cmd421,22,34,16386,0,0,0,0,2001,1,168
2026-05-14 20:03:54,PLC,0,Cmd413,0,0,0,0,0,0,0,0,0,0
2026-05-14 20:07:29,PLC,0,Cmd405,10004,0,0,0,0,0,0,0,0,0
2026-05-14 20:27:21,PLC,0,Cmd421,56,53,49152,1535,255,0,0,2002,1,111
2026-05-14 20:27:34,PLC,0,Cmd413,0,0,0,0,0,0,0,0,0,0
2026-05-14 20:29:47,PLC,0,Cmd405,10004,0,0,0,0,0,0,0,0,0
2026-05-14 20:32:28,PLC,0,Cmd421,50,53,24578,0,0,0,0,2002,1,131
2026-05-14 20:32:32,PLC,0,Cmd413,0,0,0,0,0,0,0,0,0,0
2026-05-14 20:33:16,PLC,0,Cmd421,51,53,24578,0,0,0,0,2002,1,131
2026-05-14 20:33:20,PLC,0,Cmd413,0,0,0,0,0,0,0,0,0,0
2026-05-14 20:35:45,PLC,0,Cmd405,10004,0,0,0,0,0,0,0,0,0
2026-05-14 20:49:19,PLC,0,Cmd421,22,55,16448,0,0,0,0,2001,1,144
2026-05-14 20:49:31,PLC,0,Cmd413,0,0,0,0,0,0,0,0,0,0
2026-05-14 20:53:05,PLC,0,Cmd405,10004,0,0,0,0,0,0,0,0,0
2026-05-14 21:12:22,PLC,0,Cmd421,26,32,49152,289,648,0,0,2001,1,67
2026-05-14 21:12:35,PLC,0,Cmd413,0,0,0,0,0,0,0,0,0,0
2026-05-14 21:14:44,PLC,0,Cmd405,10004,0,0,0,0,0,0,0,0,0
2026-05-14 22:02:27,PLC,0,Cmd101,0,0,0,0,0,0,0,0,0,0
2026-05-14 22:51:29,PLC,0,Cmd421,26,35,49152,1313,650,0,0,2001,1,192
2026-05-14 22:51:42,PLC,0,Cmd413,0,0,0,0,0,0,0,0,0,0
2026-05-14 22:54:14,PLC,0,Cmd405,10004,0,0,0,0,0,0,0,0,0
2026-05-14 23:49:00,PLC,0,Cmd421,22,11,16448,0,0,0,0,2001,1,57
2026-05-14 23:49:13,PLC,0,Cmd413,0,0,0,0,0,0,0,0,0,0
2026-05-14 23:52:47,PLC,0,Cmd405,10004,0,0,0,0,0,0,0,0,0
2026-05-14 23:53:56,PLC,0,Cmd421,22,35,16386,0,0,0,0,2002,1,168
2026-05-14 23:54:09,PLC,0,Cmd413,0,0,0,0,0,0,0,0,0,0
2026-05-14 23:57:43,PLC,0,Cmd405,10004,0,0,0,0,0,0,0,0,0
2026-05-15 00:17:34,PLC,0,Cmd421,22,56,16448,0,0,0,0,3001,1,144
2026-05-15 00:17:48,PLC,0,Cmd413,0,0,0,0,0,0,0,0,0,0
2026-05-15 00:21:22,PLC,0,Cmd405,10004,0,0,0,0,0,0,0,0,0
2026-05-15 00:27:37,PLC,0,Cmd421,26,26,49152,1981,17146,0,0,2001,1,102
2026-05-15 00:27:51,PLC,0,Cmd413,0,0,0,0,0,0,0,0,0,0
2026-05-15 00:31:45,PLC,0,Cmd405,10004,0,0,0,0,0,0,0,0,0
2026-05-15 00:40:57,PLC,0,Cmd421,22,16,16386,0,0,0,0,2002,1,138
2026-05-15 00:41:10,PLC,0,Cmd413,0,0,0,0,0,0,0,0,0,0
2026-05-15 00:44:44,PLC,0,Cmd405,10004,0,0,0,0,0,0,0,0,0
2026-05-15 01:04:55,PLC,0,Cmd421,22,32,16386,0,0,0,0,2001,1,119
2026-05-15 01:05:07,PLC,0,Cmd413,0,0,0,0,0,0,0,0,0,0
2026-05-15 01:08:42,PLC,0,Cmd405,10004,0,0,0,0,0,0,0,0,0
2026-05-15 01:12:10,PLC,0,Cmd421,26,85,49152,289,650,0,0,3001,1,113
2026-05-15 01:12:24,PLC,0,Cmd413,0,0,0,0,0,0,0,0,0,0
2026-05-15 01:14:34,PLC,0,Cmd405,10004,0,0,0,0,0,0,0,0,0
2026-05-15 01:22:29,PLC,0,Cmd421,22,85,16386,0,0,0,0,3001,1,68
2026-05-15 01:22:33,PLC,0,Cmd413,0,0,0,0,0,0,0,0,0,0
2026-05-15 01:26:07,PLC,0,Cmd405,10004,0,0,0,0,0,0,0,0,0
2026-05-15 01:26:33,PLC,0,Cmd421,50,13,24577,0,0,0,0,2002,1,60
2026-05-15 01:27:07,PLC,0,Cmd413,0,0,0,0,0,0,0,0,0,0
2026-05-15 01:27:51,PLC,0,Cmd421,51,13,24577,0,0,0,0,2002,1,60
2026-05-15 01:27:55,PLC,0,Cmd413,0,0,0,0,0,0,0,0,0,0
2026-05-15 01:29:59,PLC,0,Cmd405,10004,0,0,0,0,0,0,0,0,0
2026-05-15 01:31:10,PLC,0,Cmd421,26,33,49152,289,648,0,0,2003,1,67
2026-05-15 01:31:23,PLC,0,Cmd413,0,0,0,0,0,0,0,0,0,0
2026-05-15 01:33:33,PLC,0,Cmd405,10004,0,0,0,0,0,0,0,0,0
2026-05-15 01:35:55,PLC,0,Cmd421,22,11,16386,0,0,0,0,2001,1,133
2026-05-15 01:36:08,PLC,0,Cmd413,0,0,0,0,0,0,0,0,0,0
2026-05-15 01:39:42,PLC,0,Cmd405,10004,0,0,0,0,0,0,0,0,0
2026-05-15 01:53:05,PLC,0,Cmd421,56,62,49152,1531,251,0,0,2003,1,155
2026-05-15 01:53:17,PLC,0,Cmd413,0,0,0,0,0,0,0,0,0,0
2026-05-15 01:55:30,PLC,0,Cmd405,10004,0,0,0,0,0,0,0,0,0
2026-05-15 02:02:05,PLC,0,Cmd421,50,62,24578,0,0,0,0,2002,1,86
2026-05-15 02:02:09,PLC,0,Cmd413,0,0,0,0,0,0,0,0,0,0
2026-05-15 02:02:52,PLC,0,Cmd421,51,62,24578,0,0,0,0,2002,1,86
2026-05-15 02:02:56,PLC,0,Cmd413,0,0,0,0,0,0,0,0,0,0
2026-05-15 02:05:21,PLC,0,Cmd405,10004,0,0,0,0,0,0,0,0,0
2026-05-15 03:00:55,PLC,0,Cmd421,56,53,49152,1530,250,0,0,2001,1,110
2026-05-15 03:01:08,PLC,0,Cmd413,0,0,0,0,0,0,0,0,0,0
2026-05-15 03:03:07,PLC,0,Cmd405,10004,0,0,0,0,0,0,0,0,0
2026-05-15 03:13:10,PLC,0,Cmd421,22,11,16386,0,0,0,0,2002,1,103
2026-05-15 03:13:22,PLC,0,Cmd413,0,0,0,0,0,0,0,0,0,0
2026-05-15 03:16:57,PLC,0,Cmd405,10004,0,0,0,0,0,0,0,0,0
2026-05-15 03:31:00,PLC,0,Cmd421,56,112,49152,1534,254,0,0,2001,1,45
2026-05-15 03:31:13,PLC,0,Cmd413,0,0,0,0,0,0,0,0,0,0
2026-05-15 03:33:12,PLC,0,Cmd405,10004,0,0,0,0,0,0,0,0,0
2026-05-15 03:50:29,PLC,0,Cmd421,50,112,24640,0,0,0,0,2002,1,237
2026-05-15 03:50:33,PLC,0,Cmd413,0,0,0,0,0,0,0,0,0,0
2026-05-15 03:51:16,PLC,0,Cmd421,51,112,24640,0,0,0,0,2002,1,237
2026-05-15 03:51:20,PLC,0,Cmd413,0,0,0,0,0,0,0,0,0,0
2026-05-15 03:53:45,PLC,0,Cmd405,10004,0,0,0,0,0,0,0,0,0
2026-05-15 03:54:11,PLC,0,Cmd421,56,53,49152,1407,127,0,0,2001,1,111
2026-05-15 03:54:44,PLC,0,Cmd413,0,0,0,0,0,0,0,0,0,0
2026-05-15 03:56:36,PLC,0,Cmd405,10004,0,0,0,0,0,0,0,0,0
2026-05-15 04:16:33,PLC,0,Cmd421,50,53,24640,0,0,0,0,2003,1,207
2026-05-15 04:16:38,PLC,0,Cmd413,0,0,0,0,0,0,0,0,0,0
2026-05-15 04:17:21,PLC,0,Cmd421,51,53,24640,0,0,0,0,2003,1,207
2026-05-15 04:17:25,PLC,0,Cmd413,0,0,0,0,0,0,0,0,0,0
2026-05-15 04:19:50,PLC,0,Cmd405,10004,0,0,0,0,0,0,0,0,0
2026-05-15 04:25:43,PLC,0,Cmd421,22,33,16386,0,0,0,0,2001,1,119
2026-05-15 04:25:56,PLC,0,Cmd413,0,0,0,0,0,0,0,0,0,0
2026-05-15 04:29:30,PLC,0,Cmd405,10004,0,0,0,0,0,0,0,0,0
2026-05-15 04:37:33,PLC,0,Cmd303,0,0,0,0,0,0,0,0,0,0
2026-05-15 04:37:40,PLC,0,Cmd140,0,0,0,0,0,0,0,0,0,0
2026-05-15 05:35:03,PLC,0,Cmd141,0,0,0,0,0,0,0,0,0,0
2026-05-15 05:35:03,PLC,0,Cmd101,0,0,0,0,0,0,0,0,0,0
2026-05-15 05:35:04,PLC,0,Cmd106,0,0,0,0,0,0,0,0,0,0
2026-05-15 05:35:05,PLC,0,Cmd1,0,0,0,0,0,0,0,0,0,0
2026-05-15 05:35:06,PLC,0,Cmd302,0,0,0,0,0,0,0,0,0,0
2026-05-15 05:35:06,PLC,0,Cmd101,0,0,0,0,0,0,0,0,0,0
2026-05-15 05:35:08,PLC,0,Cmd107,0,0,0,0,0,0,0,0,0,0
2026-05-15 05:35:08,RPD,0,Cmd302,0,0,0,0,0,0,0,0,0,0
2026-05-15 05:35:09,PLC,0,Cmd101,0,0,0,0,0,0,0,0,0,0
2026-05-15 05:35:10,PLC,0,Cmd101,0,0,0,0,0,0,0,0,0,0
2026-05-15 05:35:11,PLC,0,Cmd101,0,0,0,0,0,0,0,0,0,0
2026-05-15 05:38:37,PLC,0,Cmd101,0,0,0,0,0,0,0,0,0,0
2026-05-15 05:39:04,PLC,0,Cmd421,56,5,49216,1021,1022,0,0,3001,1,15652
2026-05-15 05:39:23,PLC,0,Cmd413,0,0,0,0,0,0,0,0,0,0
2026-05-15 05:39:45,PLC,0,Cmd101,0,0,0,0,0,0,0,0,0,0
2026-05-15 05:40:03,PLC,0,Cmd303,0,0,0,0,0,0,0,0,0,0
2026-05-15 05:40:05,PLC,0,Cmd101,0,0,0,0,0,0,0,0,0,0
2026-05-15 05:40:17,PLC,0,Cmd303,0,0,0,0,0,0,0,0,0,0
2026-05-15 05:40:31,PLC,0,Cmd303,0,0,0,0,0,0,0,0,0,0
2026-05-15 05:40:34,PLC,0,Cmd101,0,0,0,0,0,0,0,0,0,0
2026-05-15 05:40:41,PLC,0,Cmd302,0,0,0,0,0,0,0,0,0,0
2026-05-15 05:40:42,PLC,0,Cmd101,0,0,0,0,0,0,0,0,0,0
2026-05-15 05:42:13,PLC,0,Cmd111,0,0,0,0,0,0,0,0,0,0
2026-05-15 05:42:13,PLC,0,Cmd303,0,0,0,0,0,0,0,0,0,0
2026-05-15 05:42:14,PLC,0,Cmd102,0,0,0,0,0,0,0,0,0,0
2026-05-15 05:42:14,PLC,0,Cmd2,0,0,0,0,0,0,0,0,0,0
2026-05-15 05:42:46,RA2,0,Cmd401,0,1,1,0,0,0,0,0,0,0
2026-05-15 05:42:46,RPD,0,Cmd422,0,999,0,0,0,1,1,0,1,0
2026-05-15 05:42:53,RA2,0,Cmd401,0,1,3,0,0,0,0,0,0,0
2026-05-15 05:42:53,RPD,0,Cmd422,0,999,0,0,0,1,3,0,1,0
2026-05-15 05:42:56,RA2,0,Cmd103,0,0,0,0,0,0,0,0,0,0
2026-05-15 05:42:57,RA2,0,Cmd302,0,0,0,0,0,0,0,0,0,0
2026-05-15 05:44:08,PLC,0,Cmd1,0,0,0,0,0,0,0,0,0,0
2026-05-15 05:44:11,PLC,0,Cmd303,0,0,0,0,0,0,0,0,0,0
2026-05-15 05:44:12,PLC,0,Cmd102,0,0,0,0,0,0,0,0,0,0
2026-05-15 05:44:12,PLC,0,Cmd302,0,0,0,0,0,0,0,0,0,0
2026-05-15 05:44:14,PLC,0,Cmd303,0,0,0,0,0,0,0,0,0,0
2026-05-15 05:44:16,PLC,0,Cmd101,0,0,0,0,0,0,0,0,0,0
2026-05-15 05:44:17,PLC,0,Cmd107,0,0,0,0,0,0,0,0,0,0
2026-05-15 05:44:17,PLC,0,Cmd302,0,0,0,0,0,0,0,0,0,0
2026-05-15 05:44:18,PLC,0,Cmd101,0,0,0,0,0,0,0,0,0,0
2026-05-15 05:44:22,PLC,0,Cmd107,1,0,0,0,0,0,0,0,0,0
2026-05-15 05:44:22,RPD,0,Cmd302,0,0,0,0,0,0,0,0,0,0
2026-05-15 05:44:24,PLC,0,Cmd107,1,0,0,0,0,0,0,0,0,0
2026-05-15 05:44:24,RPD,0,Cmd302,0,0,0,0,0,0,0,0,0,0
2026-05-15 05:44:27,PLC,0,Cmd101,0,0,0,0,0,0,0,0,0,0
2026-05-15 05:54:43,PLC,0,Cmd102,0,0,0,0,0,0,0,0,0,0
2026-05-15 05:55:06,PLC,0,Cmd101,0,0,0,0,0,0,0,0,0,0
2026-05-15 05:55:09,PLC,0,Cmd107,0,0,0,0,0,0,0,0,0,0
2026-05-15 05:55:09,RPD,0,Cmd302,0,0,0,0,0,0,0,0,0,0
2026-05-15 05:55:10,PLC,0,Cmd101,0,0,0,0,0,0,0,0,0,0
2026-05-15 05:55:16,PLC,0,Cmd107,1,0,0,0,0,0,0,0,0,0
2026-05-15 05:55:16,RPD,0,Cmd302,0,0,0,0,0,0,0,0,0,0
2026-05-15 05:55:17,PLC,0,Cmd107,1,0,0,0,0,0,0,0,0,0
2026-05-15 05:55:17,RPD,0,Cmd302,0,0,0,0,0,0,0,0,0,0
2026-05-15 06:05:53,PLC,0,Cmd421,22,26,16386,0,0,0,0,2002,1,50
2026-05-15 06:06:07,PLC,0,Cmd413,0,0,0,0,0,0,0,0,0,0
2026-05-15 06:09:41,PLC,0,Cmd405,10004,0,0,0,0,0,0,0,0,0
2026-05-15 06:11:09,PLC,0,Cmd421,56,106,49152,1535,255,0,0,2003,1,46
2026-05-15 06:11:23,PLC,0,Cmd413,0,0,0,0,0,0,0,0,0,0
2026-05-15 06:13:36,PLC,0,Cmd405,10004,0,0,0,0,0,0,0,0,0
2026-05-15 07:28:54,PLC,0,Cmd421,50,106,24578,0,0,0,0,2001,1,230
2026-05-15 07:29:07,PLC,0,Cmd413,0,0,0,0,0,0,0,0,0,0
2026-05-15 07:29:50,PLC,0,Cmd421,51,106,24578,0,0,0,0,2001,1,230
2026-05-15 07:29:54,PLC,0,Cmd413,0,0,0,0,0,0,0,0,0,0
2026-05-15 07:32:20,PLC,0,Cmd405,10004,0,0,0,0,0,0,0,0,0
2026-05-15 07:54:48,PLC,0,Cmd421,56,113,49152,1534,254,0,0,2002,1,45
2026-05-15 07:55:01,PLC,0,Cmd413,0,0,0,0,0,0,0,0,0,0
2026-05-15 07:57:00,PLC,0,Cmd405,10004,0,0,0,0,0,0,0,0,0
2026-05-15 07:59:55,PLC,0,Cmd421,50,113,24640,0,0,0,0,2002,1,237
2026-05-15 08:00:00,PLC,0,Cmd413,0,0,0,0,0,0,0,0,0,0
2026-05-15 08:00:43,PLC,0,Cmd421,51,113,24640,0,0,0,0,2002,1,237
2026-05-15 08:00:47,PLC,0,Cmd413,0,0,0,0,0,0,0,0,0,0
2026-05-15 08:03:12,PLC,0,Cmd405,10004,0,0,0,0,0,0,0,0,0
2026-05-15 08:10:06,PLC,0,Cmd421,26,9,49152,1333,648,0,0,2001,1,175
2026-05-15 08:10:18,PLC,0,Cmd413,0,0,0,0,0,0,0,0,0,0
2026-05-15 08:13:02,PLC,0,Cmd405,10004,0,0,0,0,0,0,0,0,0
2026-05-15 08:29:39,PLC,0,Cmd421,26,20,49152,1333,650,0,0,2001,1,101
2026-05-15 08:29:51,PLC,0,Cmd413,0,0,0,0,0,0,0,0,0,0
2026-05-15 08:32:35,PLC,0,Cmd405,10004,0,0,0,0,0,0,0,0,0
2026-05-15 08:38:30,PLC,0,Cmd421,26,27,49152,1333,650,0,0,2002,1,180
2026-05-15 08:38:43,PLC,0,Cmd413,0,0,0,0,0,0,0,0,0,0
2026-05-15 08:41:26,PLC,0,Cmd405,10004,0,0,0,0,0,0,0,0,0
2026-05-15 08:54:07,PLC,0,Cmd421,26,158,49152,32,648,0,0,3001,1,22
2026-05-15 08:54:21,PLC,0,Cmd413,0,0,0,0,0,0,0,0,0,0
2026-05-15 08:56:20,PLC,0,Cmd405,10004,0,0,0,0,0,0,0,0,0
2026-05-15 09:00:12,PLC,0,Cmd421,22,158,16386,0,0,0,0,3001,1,51
2026-05-15 09:00:16,PLC,0,Cmd413,0,0,0,0,0,0,0,0,0,0
2026-05-15 09:03:51,PLC,0,Cmd405,10004,0,0,0,0,0,0,0,0,0
2026-05-15 09:40:41,PLC,0,Cmd421,22,99,49154,0,1,0,0,2001,1,99
2026-05-15 09:40:55,PLC,0,Cmd413,0,0,0,0,0,0,0,0,0,0
2026-05-15 09:42:58,PLC,0,Cmd405,10004,0,0,0,0,0,0,0,0,0
2026-05-15 11:06:17,PLC,0,Cmd421,56,97,49152,4410,570,0,0,2001,1,157
2026-05-15 11:06:30,PLC,0,Cmd413,0,0,0,0,0,0,0,0,0,0
2026-05-15 11:12:10,PLC,0,Cmd101,0,0,0,0,0,0,0,0,0,0
2026-05-15 11:12:15,PLC,0,Cmd107,0,0,0,0,0,0,0,0,0,0
2026-05-15 11:12:15,RPD,0,Cmd302,0,0,0,0,0,0,0,0,0,0
2026-05-15 11:12:38,PLC,0,Cmd111,0,0,0,0,0,0,0,0,0,0
2026-05-15 11:12:38,PLC,0,Cmd303,0,0,0,0,0,0,0,0,0,0
2026-05-15 11:12:39,PLC,0,Cmd140,0,0,0,0,0,0,0,0,0,0
2026-05-15 11:13:27,PLC,0,Cmd141,0,0,0,0,0,0,0,0,0,0
2026-05-15 11:13:27,PLC,0,Cmd101,0,0,0,0,0,0,0,0,0,0
2026-05-15 11:13:28,PLC,0,Cmd106,0,0,0,0,0,0,0,0,0,0
2026-05-15 11:13:29,PLC,0,Cmd1,0,0,0,0,0,0,0,0,0,0
2026-05-15 11:13:31,PLC,0,Cmd101,0,0,0,0,0,0,0,0,0,0
2026-05-15 11:13:32,PLC,0,Cmd101,0,0,0,0,0,0,0,0,0,0
2026-05-15 11:13:33,PLC,0,Cmd101,0,0,0,0,0,0,0,0,0,0
2026-05-15 11:13:34,PLC,0,Cmd101,0,0,0,0,0,0,0,0,0,0
2026-05-15 11:13:36,PLC,0,Cmd302,0,0,0,0,0,0,0,0,0,0
2026-05-15 11:13:44,PLC,0,Cmd107,1,0,0,0,0,0,0,0,0,0
2026-05-15 11:13:44,RPD,0,Cmd302,0,0,0,0,0,0,0,0,0,0
2026-05-15 11:13:51,PLC,0,Cmd101,0,0,0,0,0,0,0,0,0,0
2026-05-15 11:14:20,PLC,0,Cmd421,26,102,49152,1961,744,0,0,2002,1,192
2026-05-15 11:15:00,PLC,0,Cmd413,0,0,0,0,0,0,0,0,0,0
2026-05-15 11:18:29,PLC,0,Cmd405,10004,0,0,0,0,0,0,0,0,0
2026-05-15 11:38:46,PLC,0,Cmd421,22,9,16386,0,0,0,0,2001,1,134
2026-05-15 11:38:59,PLC,0,Cmd413,0,0,0,0,0,0,0,0,0,0
2026-05-15 11:42:35,PLC,0,Cmd405,10004,0,0,0,0,0,0,0,0,0
2026-05-15 12:05:03,PLC,0,Cmd101,0,0,0,0,0,0,0,0,0,0
2026-05-15 12:10:12,PLC,0,Cmd421,50,62,57346,1,1,0,0,2001,1,86
2026-05-15 12:10:25,PLC,0,Cmd413,0,0,0,0,0,0,0,0,0,0
2026-05-15 12:10:31,PLC,0,Cmd421,51,62,57346,1,1,0,0,2001,1,86
2026-05-15 12:10:35,PLC,0,Cmd413,0,0,0,0,0,0,0,0,0,0
2026-05-15 12:11:20,PLC,0,Cmd405,10004,0,0,0,0,0,0,0,0,0
2026-05-15 12:26:04,PLC,0,Cmd421,56,154,49152,1535,255,0,0,2002,1,194
2026-05-15 12:26:17,PLC,0,Cmd413,0,0,0,0,0,0,0,0,0,0
2026-05-15 12:28:24,PLC,0,Cmd405,10004,0,0,0,0,0,0,0,0,0
2026-05-15 12:31:11,PLC,0,Cmd421,50,154,24578,0,0,0,0,2002,1,195
2026-05-15 12:31:16,PLC,0,Cmd413,0,0,0,0,0,0,0,0,0,0
2026-05-15 12:31:59,PLC,0,Cmd421,51,154,24578,0,0,0,0,2002,1,195
2026-05-15 12:32:03,PLC,0,Cmd413,0,0,0,0,0,0,0,0,0,0
2026-05-15 12:34:28,PLC,0,Cmd405,10004,0,0,0,0,0,0,0,0,0
2026-05-15 13:36:23,PLC,0,Cmd111,0,0,0,0,0,0,0,0,0,0
2026-05-15 13:36:23,PLC,0,Cmd303,0,0,0,0,0,0,0,0,0,0
2026-05-15 13:36:24,PLC,0,Cmd140,0,0,0,0,0,0,0,0,0,0
2026-05-15 15:41:33,PLC,0,Cmd141,0,0,0,0,0,0,0,0,0,0
2026-05-15 15:41:34,PLC,0,Cmd106,0,0,0,0,0,0,0,0,0,0
2026-05-15 15:41:35,PLC,0,Cmd1,0,0,0,0,0,0,0,0,0,0
2026-05-15 15:41:36,PLC,0,Cmd101,0,0,0,0,0,0,0,0,0,0
2026-05-15 15:41:38,PLC,0,Cmd107,0,0,0,0,0,0,0,0,0,0
2026-05-15 15:41:39,PLC,0,Cmd302,0,0,0,0,0,0,0,0,0,0
2026-05-15 15:41:40,PLC,0,Cmd101,0,0,0,0,0,0,0,0,0,0
2026-05-15 15:41:41,PLC,0,Cmd101,0,0,0,0,0,0,0,0,0,0
2026-05-15 15:45:46,PLC,0,Cmd101,0,0,0,0,0,0,0,0,0,0
2026-05-15 15:45:47,PLC,0,Cmd101,0,0,0,0,0,0,0,0,0,0
2026-05-15 15:47:06,PLC,0,Cmd101,0,0,0,0,0,0,0,0,0,0
2026-05-15 15:47:07,PLC,0,Cmd101,0,0,0,0,0,0,0,0,0,0
2026-05-15 15:47:08,PLC,0,Cmd101,0,0,0,0,0,0,0,0,0,0
2026-05-15 15:47:38,PLC,0,Cmd101,0,0,0,0,0,0,0,0,0,0
2026-05-15 16:16:03,PLC,0,Cmd102,0,0,0,0,0,0,0,0,0,0
2026-05-15 17:18:46,PLC,0,Cmd101,0,0,0,0,0,0,0,0,0,0
2026-05-15 17:18:47,PLC,0,Cmd101,0,0,0,0,0,0,0,0,0,0
2026-05-15 17:18:49,PLC,0,Cmd101,0,0,0,0,0,0,0,0,0,0
2026-05-15 17:19:17,PLC,0,Cmd302,0,0,0,0,0,0,0,0,0,0
2026-05-15 17:19:18,PLC,0,Cmd101,0,0,0,0,0,0,0,0,0,0
2026-05-15 17:19:20,PLC,0,Cmd107,0,0,0,0,0,0,0,0,0,0
2026-05-15 17:19:20,RPD,0,Cmd302,0,0,0,0,0,0,0,0,0,0
2026-05-15 17:19:28,PLC,0,Cmd405,10005,0,0,0,0,0,0,0,0,0
2026-05-15 17:38:13,PLC,0,Cmd303,0,0,0,0,0,0,0,0,0,0
2026-05-16 08:51:31,PLC,0,Cmd140,0,0,0,0,0,0,0,0,0,0
2026-05-17 22:37:15,PLC,0,Cmd101,0,0,0,0,0,0,0,0,0,0
2026-05-17 22:37:17,PLC,0,Cmd141,0,0,0,0,0,0,0,0,0,0
2026-05-17 22:37:17,PLC,0,Cmd101,0,0,0,0,0,0,0,0,0,0
2026-05-17 22:37:18,PLC,0,Cmd106,0,0,0,0,0,0,0,0,0,0
2026-05-17 22:37:19,PLC,0,Cmd1,0,0,0,0,0,0,0,0,0,0
2026-05-17 22:37:19,PLC,0,Cmd101,0,0,0,0,0,0,0,0,0,0
2026-05-17 22:37:20,PLC,0,Cmd302,0,0,0,0,0,0,0,0,0,0
2026-05-17 22:37:22,PLC,0,Cmd107,0,0,0,0,0,0,0,0,0,0
2026-05-17 22:37:22,RPD,0,Cmd302,0,0,0,0,0,0,0,0,0,0
2026-05-17 22:37:28,PLC,0,Cmd405,10001,0,0,0,0,0,0,0,0,0
2026-05-17 22:39:20,PLC,0,Cmd111,0,0,0,0,0,0,0,0,0,0
2026-05-17 22:39:21,PLC,0,Cmd303,0,0,0,0,0,0,0,0,0,0
2026-05-17 22:39:22,PLC,0,Cmd140,0,0,0,0,0,0,0,0,0,0
2026-05-18 00:39:28,PLC,0,Cmd141,0,0,0,0,0,0,0,0,0,0
2026-05-18 00:39:28,PLC,0,Cmd101,0,0,0,0,0,0,0,0,0,0
2026-05-18 00:39:29,PLC,0,Cmd106,0,0,0,0,0,0,0,0,0,0
2026-05-18 00:39:30,PLC,0,Cmd1,0,0,0,0,0,0,0,0,0,0
2026-05-18 00:39:31,PLC,0,Cmd101,0,0,0,0,0,0,0,0,0,0
2026-05-18 00:39:48,PLC,0,Cmd101,0,0,0,0,0,0,0,0,0,0
2026-05-18 00:39:48,PLC,0,Cmd302,0,0,0,0,0,0,0,0,0,0
2026-05-18 00:39:50,PLC,0,Cmd107,0,0,0,0,0,0,0,0,0,0
2026-05-18 00:39:50,RPD,0,Cmd302,0,0,0,0,0,0,0,0,0,0
2026-05-18 01:01:32,PLC,0,Cmd111,0,0,0,0,0,0,0,0,0,0
2026-05-18 01:01:33,PLC,0,Cmd303,0,0,0,0,0,0,0,0,0,0
2026-05-18 01:01:33,PLC,0,Cmd102,0,0,0,0,0,0,0,0,0,0
2026-05-18 01:01:34,PLC,0,Cmd2,0,0,0,0,0,0,0,0,0,0
2026-05-18 02:00:20,PLC,0,Cmd101,0,0,0,0,0,0,0,0,0,0
2026-05-18 02:00:28,RA2,0,Cmd103,0,0,0,0,0,0,0,0,0,0
2026-05-18 02:00:31,RA2,0,Cmd302,0,0,0,0,0,0,0,0,0,0
2026-05-18 02:01:07,RA2,0,Cmd421,0,8,0,0,0,0,0,2001,1,0
2026-05-18 03:23:33,PLC,0,Cmd101,0,0,0,0,0,0,0,0,0,0
2026-05-18 03:24:44,PLC,0,Cmd101,0,0,0,0,0,0,0,0,0,0
2026-05-18 03:24:45,PLC,0,Cmd101,0,0,0,0,0,0,0,0,0,0
2026-05-18 03:24:57,PLC,0,Cmd101,0,0,0,0,0,0,0,0,0,0
2026-05-18 03:24:58,PLC,0,Cmd101,0,0,0,0,0,0,0,0,0,0
2026-05-18 03:25:18,PLC,0,Cmd101,0,0,0,0,0,0,0,0,0,0
2026-05-18 03:25:28,PLC,0,Cmd101,0,0,0,0,0,0,0,0,0,0
2026-05-18 03:31:07,PLC,0,Cmd101,0,0,0,0,0,0,0,0,0,0
2026-05-18 03:35:09,PLC,0,Cmd101,0,0,0,0,0,0,0,0,0,0
2026-05-18 03:35:10,PLC,0,Cmd101,0,0,0,0,0,0,0,0,0,0
2026-05-18 03:42:45,PLC,0,Cmd101,0,0,0,0,0,0,0,0,0,0
2026-05-18 03:45:32,PLC,0,Cmd101,0,0,0,0,0,0,0,0,0,0
2026-05-18 03:46:28,RA2,0,Cmd103,0,0,0,0,0,0,0,0,0,0
2026-05-18 03:46:29,RA2,0,Cmd302,0,0,0,0,0,0,0,0,0,0
2026-05-18 03:48:19,PLC,0,Cmd101,0,0,0,0,0,0,0,0,0,0
2026-05-18 03:51:27,PLC,0,Cmd101,0,0,0,0,0,0,0,0,0,0
2026-05-18 03:51:30,RA2,0,Cmd103,0,0,0,0,0,0,0,0,0,0
2026-05-18 03:51:32,RA2,0,Cmd302,0,0,0,0,0,0,0,0,0,0
2026-05-18 03:51:33,RA2,0,Cmd421,10008,0,0,0,0,1,0,0,1,0
2026-05-18 03:51:34,RA2,0,Cmd421,10008,0,0,0,0,1,0,0,1,0
2026-05-18 03:53:43,PLC,0,Cmd101,0,0,0,0,0,0,0,0,0,0
2026-05-18 03:53:47,RA2,0,Cmd103,0,0,0,0,0,0,0,0,0,0
2026-05-18 03:53:48,RA2,0,Cmd302,0,0,0,0,0,0,0,0,0,0
2026-05-18 03:53:50,RA2,0,Cmd421,10008,0,0,0,0,1,0,0,1,0
2026-05-18 03:59:40,PLC,0,Cmd101,0,0,0,0,0,0,0,0,0,0
2026-05-18 03:59:42,PLC,0,Cmd101,0,0,0,0,0,0,0,0,0,0
2026-05-18 03:59:45,PLC,0,Cmd1,0,0,0,0,0,0,0,0,0,0
2026-05-18 03:59:52,PLC,0,Cmd107,1,0,0,0,0,0,0,0,0,0
2026-05-18 03:59:52,RPD,0,Cmd302,0,0,0,0,0,0,0,0,0,0
2026-05-18 03:59:53,PLC,0,Cmd101,0,0,0,0,0,0,0,0,0,0
2026-05-18 03:59:54,PLC,0,Cmd107,0,0,0,0,0,0,0,0,0,0
2026-05-18 03:59:54,RPD,0,Cmd302,0,0,0,0,0,0,0,0,0,0
2026-05-18 03:59:55,PLC,0,Cmd107,0,0,0,0,0,0,0,0,0,0
2026-05-18 03:59:55,RPD,0,Cmd302,0,0,0,0,0,0,0,0,0,0
2026-05-18 03:59:56,PLC,0,Cmd101,0,0,0,0,0,0,0,0,0,0
2026-05-18 03:59:57,PLC,0,Cmd101,0,0,0,0,0,0,0,0,0,0
2026-05-18 03:59:58,PLC,0,Cmd101,0,0,0,0,0,0,0,0,0,0
2026-05-18 04:00:06,PLC,0,Cmd102,0,0,0,0,0,0,0,0,0,0
2026-05-18 04:00:07,PLC,0,Cmd111,0,0,0,0,0,0,0,0,0,0
2026-05-18 04:00:08,PLC,0,Cmd303,0,0,0,0,0,0,0,0,0,0
2026-05-18 04:00:08,PLC,0,Cmd140,0,0,0,0,0,0,0,0,0,0
2026-05-18 04:04:04,PLC,0,Cmd141,0,0,0,0,0,0,0,0,0,0
2026-05-18 04:04:05,PLC,0,Cmd106,0,0,0,0,0,0,0,0,0,0
2026-05-18 04:04:06,PLC,0,Cmd1,0,0,0,0,0,0,0,0,0,0
2026-05-18 04:04:07,PLC,0,Cmd101,0,0,0,0,0,0,0,0,0,0
2026-05-18 04:04:08,PLC,0,Cmd302,0,0,0,0,0,0,0,0,0,0
2026-05-18 04:04:08,PLC,0,Cmd101,0,0,0,0,0,0,0,0,0,0
2026-05-18 04:04:11,PLC,0,Cmd107,0,0,0,0,0,0,0,0,0,0
2026-05-18 04:04:11,RPD,0,Cmd302,0,0,0,0,0,0,0,0,0,0
2026-05-18 04:04:12,PLC,0,Cmd101,0,0,0,0,0,0,0,0,0,0
2026-05-18 04:04:58,PLC,0,Cmd107,1,0,0,0,0,0,0,0,0,0
2026-05-18 04:04:58,RPD,0,Cmd302,0,0,0,0,0,0,0,0,0,0
2026-05-18 04:05:02,PLC,0,Cmd421,51,8,16386,0,1022,0,0,2001,1,15653
2026-05-18 04:05:21,PLC,0,Cmd413,0,0,0,0,0,0,0,0,0,0
2026-05-18 04:06:08,PLC,0,Cmd102,0,0,0,0,0,0,0,0,0,0
2026-05-18 04:06:39,PLC,0,Cmd107,0,0,0,0,0,0,0,0,0,0
2026-05-18 04:06:39,RPD,0,Cmd302,0,0,0,0,0,0,0,0,0,0
2026-05-18 04:07:03,PLC,0,Cmd102,0,0,0,0,0,0,0,0,0,0
2026-05-18 04:07:43,PLC,0,Cmd101,0,0,0,0,0,0,0,0,0,0
2026-05-18 04:07:44,PLC,0,Cmd107,0,0,0,0,0,0,0,0,0,0
2026-05-18 04:07:44,RPD,0,Cmd302,0,0,0,0,0,0,0,0,0,0
2026-05-18 04:09:02,PLC,0,Cmd405,10004,0,0,0,0,0,0,0,0,0
2026-05-18 04:10:16,PLC,0,Cmd421,26,8,49153,941,764,0,0,2001,1,15654
2026-05-18 04:10:36,PLC,0,Cmd413,0,0,0,0,0,0,0,0,0,0
2026-05-18 04:14:02,PLC,0,Cmd405,10004,0,0,0,0,0,0,0,0,0
2026-05-18 04:15:02,PLC,0,Cmd107,1,0,0,0,0,0,0,0,0,0
2026-05-18 04:15:02,RPD,0,Cmd302,0,0,0,0,0,0,0,0,0,0
2026-05-18 04:51:12,PLC,0,Cmd101,0,0,0,0,0,0,0,0,0,0
2026-05-18 05:23:51,PLC,0,Cmd111,0,0,0,0,0,0,0,0,0,0
2026-05-18 05:23:51,PLC,0,Cmd303,0,0,0,0,0,0,0,0,0,0
2026-05-18 05:23:52,PLC,0,Cmd140,0,0,0,0,0,0,0,0,0,0
2026-05-18 05:50:38,PLC,0,Cmd101,0,0,0,0,0,0,0,0,0,0
2026-05-18 05:50:40,PLC,0,Cmd141,0,0,0,0,0,0,0,0,0,0
2026-05-18 05:50:40,PLC,0,Cmd106,0,0,0,0,0,0,0,0,0,0
2026-05-18 05:50:41,PLC,0,Cmd101,0,0,0,0,0,0,0,0,0,0
2026-05-18 05:50:41,PLC,0,Cmd1,0,0,0,0,0,0,0,0,0,0
2026-05-18 05:50:42,PLC,0,Cmd302,0,0,0,0,0,0,0,0,0,0
2026-05-18 05:50:44,PLC,0,Cmd107,0,0,0,0,0,0,0,0,0,0
2026-05-18 05:50:44,RPD,0,Cmd302,0,0,0,0,0,0,0,0,0,0
2026-05-18 05:50:49,PLC,0,Cmd107,1,0,0,0,0,0,0,0,0,0
2026-05-18 05:50:49,RPD,0,Cmd302,0,0,0,0,0,0,0,0,0,0
2026-05-18 05:50:50,PLC,0,Cmd107,1,0,0,0,0,0,0,0,0,0
2026-05-18 05:50:50,RPD,0,Cmd302,0,0,0,0,0,0,0,0,0,0
2026-05-18 06:31:03,PLC,0,Cmd421,22,20,16386,0,0,0,0,2001,1,37
2026-05-18 06:31:15,PLC,0,Cmd413,0,0,0,0,0,0,0,0,0,0
2026-05-18 06:34:50,PLC,0,Cmd405,10004,0,0,0,0,0,0,0,0,0
2026-05-18 06:39:51,PLC,0,Cmd421,22,27,16386,0,0,0,0,2002,1,105
2026-05-18 06:40:04,PLC,0,Cmd413,0,0,0,0,0,0,0,0,0,0
2026-05-18 06:43:38,PLC,0,Cmd405,10004,0,0,0,0,0,0,0,0,0
2026-05-18 07:37:22,PLC,0,Cmd421,26,105,49152,1333,654,0,0,2001,1,113
2026-05-18 07:37:34,PLC,0,Cmd413,0,0,0,0,0,0,0,0,0,0
2026-05-18 07:40:17,PLC,0,Cmd405,10004,0,0,0,0,0,0,0,0,0
2026-05-18 09:02:08,PLC,0,Cmd421,22,102,16386,0,0,0,0,2002,1,153
2026-05-18 09:02:21,PLC,0,Cmd413,0,0,0,0,0,0,0,0,0,0
2026-05-18 09:05:55,PLC,0,Cmd405,10004,0,0,0,0,0,0,0,0,0
2026-05-18 09:07:01,PLC,0,Cmd421,22,96,16386,0,0,0,0,2003,1,244
2026-05-18 09:07:14,PLC,0,Cmd413,0,0,0,0,0,0,0,0,0,0
2026-05-18 09:10:48,PLC,0,Cmd405,10004,0,0,0,0,0,0,0,0,0
2026-05-18 09:18:13,PLC,0,Cmd421,22,145,49216,0,1920,0,0,2001,1,144
2026-05-18 09:18:25,PLC,0,Cmd413,0,0,0,0,0,0,0,0,0,0
2026-05-18 09:20:12,PLC,0,Cmd405,10004,0,0,0,0,0,0,0,0,0
2026-05-18 10:21:49,PLC,0,Cmd421,50,16,24577,0,0,0,0,2001,1,24
2026-05-18 10:22:02,PLC,0,Cmd413,0,0,0,0,0,0,0,0,0,0
2026-05-18 10:22:45,PLC,0,Cmd421,51,16,24577,0,0,0,0,2001,1,24
2026-05-18 10:22:49,PLC,0,Cmd413,0,0,0,0,0,0,0,0,0,0
2026-05-18 10:24:55,PLC,0,Cmd405,10004,0,0,0,0,0,0,0,0,0
2026-05-18 10:38:52,PLC,0,Cmd421,26,9,49152,32,520,0,0,2002,1,240
2026-05-18 10:39:04,PLC,0,Cmd413,0,0,0,0,0,0,0,0,0,0
2026-05-18 10:40:57,PLC,0,Cmd405,10004,0,0,0,0,0,0,0,0,0
2026-05-18 10:45:46,PLC,0,Cmd421,50,97,24584,0,0,0,0,2003,1,33
2026-05-18 10:45:59,PLC,0,Cmd413,0,0,0,0,0,0,0,0,0,0
2026-05-18 10:46:43,PLC,0,Cmd421,51,97,24584,0,0,0,0,2003,1,33
2026-05-18 10:46:47,PLC,0,Cmd413,0,0,0,0,0,0,0,0,0,0
2026-05-18 10:49:11,PLC,0,Cmd405,10004,0,0,0,0,0,0,0,0,0
2026-05-18 11:37:36,PLC,0,Cmd421,22,12,16386,0,0,0,0,2001,1,57
2026-05-18 11:37:48,PLC,0,Cmd413,0,0,0,0,0,0,0,0,0,0
2026-05-18 11:41:22,PLC,0,Cmd405,10004,0,0,0,0,0,0,0,0,0
2026-05-18 11:48:18,PLC,0,Cmd421,22,105,16386,0,0,0,0,2002,1,149
2026-05-18 11:48:30,PLC,0,Cmd413,0,0,0,0,0,0,0,0,0,0
2026-05-18 11:51:26,PLC,0,Cmd101,0,0,0,0,0,0,0,0,0,0
2026-05-18 11:52:05,PLC,0,Cmd405,10004,0,0,0,0,0,0,0,0,0
2026-05-18 12:32:39,PLC,0,Cmd421,22,146,49216,0,1920,0,0,2001,1,144
2026-05-18 12:32:52,PLC,0,Cmd413,0,0,0,0,0,0,0,0,0,0
2026-05-18 12:34:38,PLC,0,Cmd405,10004,0,0,0,0,0,0,0,0,0
2026-05-18 12:39:29,PLC,0,Cmd421,26,102,49152,1981,17146,0,0,2002,1,180
2026-05-18 12:39:41,PLC,0,Cmd413,0,0,0,0,0,0,0,0,0,0
2026-05-18 12:43:35,PLC,0,Cmd405,10004,0,0,0,0,0,0,0,0,0
2026-05-18 13:31:47,PLC,0,Cmd111,0,0,0,0,0,0,0,0,0,0
2026-05-18 13:31:47,PLC,0,Cmd303,0,0,0,0,0,0,0,0,0,0
2026-05-18 13:31:48,PLC,0,Cmd140,0,0,0,0,0,0,0,0,0,0
2026-05-18 14:00:07,PLC,0,Cmd141,0,0,0,0,0,0,0,0,0,0
2026-05-18 14:00:08,PLC,0,Cmd101,0,0,0,0,0,0,0,0,0,0
2026-05-18 14:00:08,PLC,0,Cmd106,0,0,0,0,0,0,0,0,0,0
2026-05-18 14:00:09,PLC,0,Cmd101,0,0,0,0,0,0,0,0,0,0
2026-05-18 14:00:10,PLC,0,Cmd1,0,0,0,0,0,0,0,0,0,0
2026-05-18 14:00:11,PLC,0,Cmd101,0,0,0,0,0,0,0,0,0,0
2026-05-18 14:00:14,PLC,0,Cmd101,0,0,0,0,0,0,0,0,0,0
2026-05-18 14:00:22,PLC,0,Cmd101,0,0,0,0,0,0,0,0,0,0
2026-05-18 14:00:23,PLC,0,Cmd302,0,0,0,0,0,0,0,0,0,0
2026-05-18 14:00:25,PLC,0,Cmd107,0,0,0,0,0,0,0,0,0,0
2026-05-18 14:00:25,RPD,0,Cmd302,0,0,0,0,0,0,0,0,0,0
2026-05-18 14:00:26,PLC,0,Cmd101,0,0,0,0,0,0,0,0,0,0
2026-05-18 14:00:27,PLC,0,Cmd107,0,0,0,0,0,0,0,0,0,0
2026-05-18 14:00:27,RPD,0,Cmd302,0,0,0,0,0,0,0,0,0,0
2026-05-18 14:05:43,PLC,0,Cmd421,26,20,49152,309,648,0,0,2001,1,67
2026-05-18 14:05:56,PLC,0,Cmd413,0,0,0,0,0,0,0,0,0,0
2026-05-18 14:08:17,PLC,0,Cmd405,10004,0,0,0,0,0,0,0,0,0
2026-05-18 14:08:43,PLC,0,Cmd421,26,99,49152,1056,648,0,0,2002,1,2
2026-05-18 14:09:16,PLC,0,Cmd413,0,0,0,0,0,0,0,0,0,0
2026-05-18 14:11:31,PLC,0,Cmd405,10004,0,0,0,0,0,0,0,0,0
2026-05-18 14:14:34,PLC,0,Cmd421,22,99,16448,0,0,0,0,2002,1,232
2026-05-18 14:14:38,PLC,0,Cmd413,0,0,0,0,0,0,0,0,0,0
2026-05-18 14:18:12,PLC,0,Cmd405,10004,0,0,0,0,0,0,0,0,0
2026-05-18 14:18:45,PLC,0,Cmd421,26,34,49152,1333,654,0,0,2003,1,101
2026-05-18 14:19:11,PLC,0,Cmd413,0,0,0,0,0,0,0,0,0,0
2026-05-18 14:21:53,PLC,0,Cmd405,10004,0,0,0,0,0,0,0,0,0
2026-05-18 14:49:15,PLC,0,Cmd303,0,0,0,0,0,0,0,0,0,0
2026-05-18 15:06:00,PLC,0,Cmd101,0,0,0,0,0,0,0,0,0,0
2026-05-18 15:06:00,PLC,0,Cmd302,0,0,0,0,0,0,0,0,0,0
2026-05-18 15:06:02,PLC,0,Cmd107,0,0,0,0,0,0,0,0,0,0
2026-05-18 15:06:02,RPD,0,Cmd302,0,0,0,0,0,0,0,0,0,0
2026-05-18 15:06:03,PLC,0,Cmd101,0,0,0,0,0,0,0,0,0,0
2026-05-18 15:06:23,PLC,0,Cmd421,26,159,49152,32,648,0,0,2001,1,22
2026-05-18 15:06:35,PLC,0,Cmd413,0,0,0,0,0,0,0,0,0,0
2026-05-18 15:08:34,PLC,0,Cmd405,10004,0,0,0,0,0,0,0,0,0
2026-05-18 15:11:17,PLC,0,Cmd421,22,159,16386,0,0,0,0,2001,1,51
2026-05-18 15:11:21,PLC,0,Cmd413,0,0,0,0,0,0,0,0,0,0
2026-05-18 15:14:55,PLC,0,Cmd405,10004,0,0,0,0,0,0,0,0,0
2026-05-18 15:50:18,PLC,0,Cmd421,22,9,16448,0,0,0,0,2001,1,219
2026-05-18 15:50:31,PLC,0,Cmd413,0,0,0,0,0,0,0,0,0,0
2026-05-18 15:54:05,PLC,0,Cmd405,10004,0,0,0,0,0,0,0,0,0
2026-05-18 15:54:31,PLC,0,Cmd421,26,158,49152,32,0,0,0,3001,1,169
2026-05-18 15:55:05,PLC,0,Cmd413,0,0,0,0,0,0,0,0,0,0
2026-05-18 15:56:58,PLC,0,Cmd405,10004,0,0,0,0,0,0,0,0,0
2026-05-18 17:29:12,PLC,0,Cmd421,56,34,49152,1535,255,0,0,2001,1,46
2026-05-18 17:29:26,PLC,0,Cmd413,0,0,0,0,0,0,0,0,0,0
2026-05-18 17:31:32,PLC,0,Cmd405,10004,0,0,0,0,0,0,0,0,0
2026-05-18 17:40:56,PLC,0,Cmd421,50,34,24578,0,0,0,0,2001,1,139
2026-05-18 17:41:00,PLC,0,Cmd413,0,0,0,0,0,0,0,0,0,0
2026-05-18 17:41:43,PLC,0,Cmd421,51,34,24578,0,0,0,0,2001,1,139
2026-05-18 17:41:48,PLC,0,Cmd413,0,0,0,0,0,0,0,0,0,0
2026-05-18 17:44:12,PLC,0,Cmd405,10004,0,0,0,0,0,0,0,0,0
2026-05-18 17:57:13,PLC,0,Cmd421,50,97,57352,131,1283,0,0,2002,1,33
2026-05-18 17:57:26,PLC,0,Cmd413,0,0,0,0,0,0,0,0,0,0
2026-05-18 17:57:31,PLC,0,Cmd421,51,97,57352,131,1283,0,0,2002,1,33
2026-05-18 17:57:35,PLC,0,Cmd413,0,0,0,0,0,0,0,0,0,0
2026-05-18 17:59:25,PLC,0,Cmd405,10004,0,0,0,0,0,0,0,0,0
2026-05-18 18:07:00,PLC,0,Cmd421,22,20,16386,0,0,0,0,2003,1,163
2026-05-18 18:07:13,PLC,0,Cmd413,0,0,0,0,0,0,0,0,0,0
2026-05-18 18:10:47,PLC,0,Cmd405,10004,0,0,0,0,0,0,0,0,0
2026-05-18 18:14:09,PLC,0,Cmd421,22,34,16386,0,0,0,0,2001,1,29
2026-05-18 18:14:22,PLC,0,Cmd413,0,0,0,0,0,0,0,0,0,0
2026-05-18 18:17:56,PLC,0,Cmd405,10004,0,0,0,0,0,0,0,0,0
2026-05-18 18:22:57,PLC,0,Cmd421,22,102,16386,0,0,0,0,2002,1,218
2026-05-18 18:23:09,PLC,0,Cmd413,0,0,0,0,0,0,0,0,0,0
2026-05-18 18:26:44,PLC,0,Cmd405,10004,0,0,0,0,0,0,0,0,0
2026-05-18 18:40:12,PLC,0,Cmd303,0,0,0,0,0,0,0,0,0,0
2026-05-18 18:46:29,PLC,0,Cmd101,0,0,0,0,0,0,0,0,0,0
2026-05-18 18:46:30,PLC,0,Cmd302,0,0,0,0,0,0,0,0,0,0
2026-05-18 18:46:31,PLC,0,Cmd101,0,0,0,0,0,0,0,0,0,0
2026-05-18 18:46:33,PLC,0,Cmd107,0,0,0,0,0,0,0,0,0,0
2026-05-18 18:46:33,RPD,0,Cmd302,0,0,0,0,0,0,0,0,0,0
2026-05-18 19:14:57,PLC,0,Cmd421,26,159,49152,32,0,0,0,2001,1,169
2026-05-18 19:15:10,PLC,0,Cmd413,0,0,0,0,0,0,0,0,0,0
2026-05-18 19:17:02,PLC,0,Cmd405,10004,0,0,0,0,0,0,0,0,0
2026-05-18 19:29:23,PLC,0,Cmd421,50,27,57346,128,256,0,0,2002,1,12
2026-05-18 19:29:35,PLC,0,Cmd413,0,0,0,0,0,0,0,0,0,0
2026-05-18 19:29:41,PLC,0,Cmd421,51,27,57346,128,256,0,0,2002,1,12
2026-05-18 19:29:45,PLC,0,Cmd413,0,0,0,0,0,0,0,0,0,0
2026-05-18 19:30:40,PLC,0,Cmd405,10004,0,0,0,0,0,0,0,0,0
2026-05-18 19:50:55,PLC,0,Cmd421,26,35,49152,1333,654,0,0,2001,1,101
2026-05-18 19:51:08,PLC,0,Cmd413,0,0,0,0,0,0,0,0,0,0
2026-05-18 19:53:50,PLC,0,Cmd405,10004,0,0,0,0,0,0,0,0,0
2026-05-18 20:08:05,PLC,0,Cmd421,22,20,16386,0,0,0,0,2003,1,37
2026-05-18 20:08:18,PLC,0,Cmd413,0,0,0,0,0,0,0,0,0,0
2026-05-18 20:11:52,PLC,0,Cmd405,10004,0,0,0,0,0,0,0,0,0
2026-05-18 20:12:18,PLC,0,Cmd421,26,41,53248,32,136,0,0,2002,1,106
2026-05-18 20:12:52,PLC,0,Cmd413,0,0,0,0,0,0,0,0,0,0
2026-05-18 20:14:46,PLC,0,Cmd405,10004,0,0,0,0,0,0,0,0,0
2026-05-18 20:17:54,PLC,0,Cmd421,22,41,20544,0,0,0,0,2002,1,171
2026-05-18 20:17:58,PLC,0,Cmd413,0,0,0,0,0,0,0,0,0,0
2026-05-18 20:21:33,PLC,0,Cmd405,10004,0,0,0,0,0,0,0,0,0
2026-05-18 20:47:10,PLC,0,Cmd421,26,20,49152,1333,652,0,0,2001,1,102
2026-05-18 20:47:22,PLC,0,Cmd413,0,0,0,0,0,0,0,0,0,0
2026-05-18 20:50:05,PLC,0,Cmd405,10004,0,0,0,0,0,0,0,0,0
2026-05-18 20:50:57,PLC,0,Cmd421,26,55,49152,32,648,0,0,2003,1,175
2026-05-18 20:51:10,PLC,0,Cmd413,0,0,0,0,0,0,0,0,0,0
2026-05-18 20:53:08,PLC,0,Cmd405,10004,0,0,0,0,0,0,0,0,0
2026-05-18 20:55:58,PLC,0,Cmd421,22,55,16448,0,0,0,0,2003,1,133
2026-05-18 20:56:02,PLC,0,Cmd413,0,0,0,0,0,0,0,0,0,0
2026-05-18 20:59:36,PLC,0,Cmd405,10004,0,0,0,0,0,0,0,0,0
2026-05-18 21:40:12,PLC,0,Cmd421,26,112,49152,289,648,0,0,2001,1,186
2026-05-18 21:40:25,PLC,0,Cmd413,0,0,0,0,0,0,0,0,0,0
2026-05-18 21:42:34,PLC,0,Cmd405,10004,0,0,0,0,0,0,0,0,0
2026-05-18 21:46:38,PLC,0,Cmd421,22,112,16386,0,0,0,0,2001,1,103
2026-05-18 21:46:42,PLC,0,Cmd413,0,0,0,0,0,0,0,0,0,0
2026-05-18 21:50:16,PLC,0,Cmd405,10004,0,0,0,0,0,0,0,0,0
2026-05-18 22:19:12,PLC,0,Cmd421,56,35,49152,1535,255,0,0,2001,1,46
2026-05-18 22:19:25,PLC,0,Cmd413,0,0,0,0,0,0,0,0,0,0
2026-05-18 22:21:37,PLC,0,Cmd405,10004,0,0,0,0,0,0,0,0,0
2026-05-18 22:37:10,PLC,0,Cmd102,0,0,0,0,0,0,0,0,0,0
2026-05-18 22:41:38,PLC,0,Cmd101,0,0,0,0,0,0,0,0,0,0
2026-05-18 22:41:41,PLC,0,Cmd101,0,0,0,0,0,0,0,0,0,0
2026-05-18 22:41:42,PLC,0,Cmd101,0,0,0,0,0,0,0,0,0,0
2026-05-18 22:42:09,PLC,0,Cmd101,0,0,0,0,0,0,0,0,0,0
2026-05-18 22:42:11,PLC,0,Cmd107,0,0,0,0,0,0,0,0,0,0
2026-05-18 22:42:11,RPD,0,Cmd302,0,0,0,0,0,0,0,0,0,0
2026-05-18 22:42:19,PLC,0,Cmd107,1,0,0,0,0,0,0,0,0,0
2026-05-18 22:42:19,RPD,0,Cmd302,0,0,0,0,0,0,0,0,0,0
2026-05-18 22:42:21,PLC,0,Cmd107,1,0,0,0,0,0,0,0,0,0
2026-05-18 22:42:21,RPD,0,Cmd302,0,0,0,0,0,0,0,0,0,0
2026-05-18 22:53:45,PLC,0,Cmd421,50,35,24578,0,0,0,0,2001,1,139
2026-05-18 22:53:49,PLC,0,Cmd413,0,0,0,0,0,0,0,0,0,0
2026-05-18 22:54:32,PLC,0,Cmd421,51,35,24578,0,0,0,0,2001,1,139
2026-05-18 22:54:36,PLC,0,Cmd413,0,0,0,0,0,0,0,0,0,0
2026-05-18 22:57:01,PLC,0,Cmd405,10004,0,0,0,0,0,0,0,0,0
2026-05-18 23:14:20,PLC,0,Cmd421,26,137,53248,0,128,0,0,2002,1,201
2026-05-18 23:14:32,PLC,0,Cmd413,0,0,0,0,0,0,0,0,0,0
2026-05-18 23:15:57,PLC,0,Cmd405,10004,0,0,0,0,0,0,0,0,0
2026-05-18 23:34:20,PLC,0,Cmd421,22,35,16386,0,0,0,0,2001,1,29
2026-05-18 23:34:33,PLC,0,Cmd413,0,0,0,0,0,0,0,0,0,0
2026-05-18 23:38:07,PLC,0,Cmd405,10004,0,0,0,0,0,0,0,0,0
2026-05-18 23:40:19,PLC,0,Cmd421,26,112,49152,1983,17150,0,0,2002,1,231
2026-05-18 23:40:31,PLC,0,Cmd413,0,0,0,0,0,0,0,0,0,0
2026-05-18 23:44:25,PLC,0,Cmd405,10004,0,0,0,0,0,0,0,0,0
2026-05-18 23:48:55,PLC,0,Cmd421,56,20,49152,1534,254,0,0,2003,1,111
2026-05-18 23:49:08,PLC,0,Cmd413,0,0,0,0,0,0,0,0,0,0
2026-05-18 23:51:06,PLC,0,Cmd405,10004,0,0,0,0,0,0,0,0,0
2026-05-18 23:55:42,PLC,0,Cmd421,50,20,24640,0,0,0,0,2003,1,152
2026-05-18 23:55:46,PLC,0,Cmd413,0,0,0,0,0,0,0,0,0,0
2026-05-18 23:56:30,PLC,0,Cmd421,51,20,24640,0,0,0,0,2003,1,152
2026-05-18 23:56:34,PLC,0,Cmd413,0,0,0,0,0,0,0,0,0,0
