2026-05-15 10:53:44,PLC,0,Cmd421,21,4,8194,0,0,0,0,0,1,81
2026-05-15 10:54:15,PLC,0,Cmd101,0,0,0,0,0,0,0,0,0,0
2026-05-15 10:54:16,PLC,0,Cmd314,0,0,0,0,0,0,0,0,0,0
2026-05-15 10:54:16,PLC,0,Cmd413,0,0,0,0,0,0,0,0,0,0
2026-05-15 10:58:35,PLC,0,Cmd405,10004,0,0,0,0,0,0,0,0,0
2026-05-15 10:59:00,PLC,0,Cmd101,0,0,0,0,0,0,0,0,0,0
2026-05-15 10:59:01,PLC,0,Cmd314,0,0,0,0,0,0,0,0,0,0
2026-05-15 10:59:10,PLC,0,Cmd421,31,4,8194,0,0,0,0,0,1,74
2026-05-15 10:59:15,PLC,0,Cmd413,0,0,0,0,0,0,0,0,0,0
2026-05-15 11:03:34,PLC,0,Cmd405,10004,0,0,0,0,0,0,0,0,0
2026-05-15 11:03:59,PLC,0,Cmd101,0,0,0,0,0,0,0,0,0,0
2026-05-15 11:04:00,PLC,0,Cmd314,0,0,0,0,0,0,0,0,0,0
2026-05-15 11:22:41,PLC,0,Cmd421,21,4,8194,0,0,0,0,0,1,96
2026-05-15 11:22:46,PLC,0,Cmd413,0,0,0,0,0,0,0,0,0,0
2026-05-15 11:24:33,PLC,0,Cmd102,0,0,0,0,0,0,0,0,0,0
2026-05-15 11:24:52,PLC,0,Cmd101,0,0,0,0,0,0,0,0,0,0
2026-05-15 11:24:53,PLC,0,Cmd107,0,0,0,0,0,0,0,0,0,0
2026-05-15 11:24:53,RPD,0,Cmd302,0,0,0,0,0,0,0,0,0,0
2026-05-15 11:24:55,PLC,0,Cmd101,0,0,0,0,0,0,0,0,0,0
2026-05-15 11:27:28,PLC,0,Cmd405,10004,0,0,0,0,0,0,0,0,0
2026-05-15 11:27:53,PLC,0,Cmd101,0,0,0,0,0,0,0,0,0,0
2026-05-15 11:27:53,PLC,0,Cmd314,0,0,0,0,0,0,0,0,0,0
2026-05-15 11:55:57,RPD,0,Cmd421,0,999,0,0,0,1,8,0,1,0
2026-05-15 11:56:16,PLC,0,Cmd101,0,0,0,0,0,0,0,0,0,0
2026-05-15 11:56:17,PLC,0,Cmd314,0,0,0,0,0,0,0,0,0,0
2026-05-15 12:01:58,PLC,0,Cmd421,21,2,8194,0,0,0,0,0,1,134
2026-05-15 12:02:30,PLC,0,Cmd101,0,0,0,0,0,0,0,0,0,0
2026-05-15 12:02:31,PLC,0,Cmd314,0,0,0,0,0,0,0,0,0,0
2026-05-15 12:02:31,PLC,0,Cmd413,0,0,0,0,0,0,0,0,0,0
2026-05-15 12:04:20,PLC,0,Cmd102,0,0,0,0,0,0,0,0,0,0
2026-05-15 12:04:41,PLC,0,Cmd101,0,0,0,0,0,0,0,0,0,0
2026-05-15 12:04:42,PLC,0,Cmd107,0,0,0,0,0,0,0,0,0,0
2026-05-15 12:04:42,RPD,0,Cmd302,0,0,0,0,0,0,0,0,0,0
2026-05-15 12:04:45,PLC,0,Cmd101,0,0,0,0,0,0,0,0,0,0
2026-05-15 12:07:15,PLC,0,Cmd405,10004,0,0,0,0,0,0,0,0,0
2026-05-15 12:07:40,PLC,0,Cmd101,0,0,0,0,0,0,0,0,0,0
2026-05-15 12:07:40,PLC,0,Cmd314,0,0,0,0,0,0,0,0,0,0
2026-05-15 12:08:15,PLC,0,Cmd421,39,10,24640,0,0,0,0,0,1,232
2026-05-15 12:08:59,PLC,0,Cmd101,0,0,0,0,0,0,0,0,0,0
2026-05-15 12:09:00,PLC,0,Cmd314,0,0,0,0,0,0,0,0,0,0
2026-05-15 12:09:00,PLC,0,Cmd413,0,0,0,0,0,0,0,0,0,0
2026-05-15 12:14:33,PLC,0,Cmd421,50,4,8256,0,0,0,0,0,1,210
2026-05-15 12:15:18,PLC,0,Cmd101,0,0,0,0,0,0,0,0,0,0
2026-05-15 12:15:18,PLC,0,Cmd314,0,0,0,0,0,0,0,0,0,0
2026-05-15 12:15:19,PLC,0,Cmd413,0,0,0,0,0,0,0,0,0,0
2026-05-15 12:19:19,PLC,0,Cmd405,10004,0,0,0,0,0,0,0,0,0
2026-05-15 12:19:44,PLC,0,Cmd101,0,0,0,0,0,0,0,0,0,0
2026-05-15 12:19:45,PLC,0,Cmd314,0,0,0,0,0,0,0,0,0,0
2026-05-15 12:30:45,PLC,0,Cmd421,50,2,40962,1,0,0,0,0,1,86
2026-05-15 12:31:31,PLC,0,Cmd101,0,0,0,0,0,0,0,0,0,0
2026-05-15 12:31:31,PLC,0,Cmd314,0,0,0,0,0,0,0,0,0,0
2026-05-15 12:31:32,PLC,0,Cmd413,0,0,0,0,0,0,0,0,0,0
2026-05-15 12:33:26,PLC,0,Cmd405,10004,0,0,0,0,0,0,0,0,0
2026-05-15 12:33:51,PLC,0,Cmd101,0,0,0,0,0,0,0,0,0,0
2026-05-15 12:33:51,PLC,0,Cmd314,0,0,0,0,0,0,0,0,0,0
2026-05-15 12:54:04,PLC,0,Cmd421,50,4,8194,0,0,0,0,0,1,195
2026-05-15 12:54:48,PLC,0,Cmd101,0,0,0,0,0,0,0,0,0,0
2026-05-15 12:54:49,PLC,0,Cmd314,0,0,0,0,0,0,0,0,0,0
2026-05-15 12:54:50,PLC,0,Cmd413,0,0,0,0,0,0,0,0,0,0
2026-05-15 12:57:43,PLC,0,Cmd102,0,0,0,0,0,0,0,0,0,0
2026-05-15 12:58:02,PLC,0,Cmd101,0,0,0,0,0,0,0,0,0,0
2026-05-15 12:58:03,PLC,0,Cmd107,0,0,0,0,0,0,0,0,0,0
2026-05-15 12:58:03,RPD,0,Cmd302,0,0,0,0,0,0,0,0,0,0
2026-05-15 12:58:37,PLC,0,Cmd102,0,0,0,0,0,0,0,0,0,0
2026-05-15 12:58:44,PLC,0,Cmd101,0,0,0,0,0,0,0,0,0,0
2026-05-15 12:58:45,PLC,0,Cmd107,0,0,0,0,0,0,0,0,0,0
2026-05-15 12:58:45,RPD,0,Cmd302,0,0,0,0,0,0,0,0,0,0
2026-05-15 12:59:19,PLC,0,Cmd101,0,0,0,0,0,0,0,0,0,0
2026-05-15 12:59:20,PLC,0,Cmd405,10004,0,0,0,0,0,0,0,0,0
2026-05-15 12:59:23,PLC,0,Cmd101,0,0,0,0,0,0,0,0,0,0
2026-05-15 12:59:45,PLC,0,Cmd101,0,0,0,0,0,0,0,0,0,0
2026-05-15 12:59:45,PLC,0,Cmd314,0,0,0,0,0,0,0,0,0,0
2026-05-15 13:07:49,PLC,0,Cmd102,0,0,0,0,0,0,0,0,0,0
2026-05-15 13:07:50,PLC,0,Cmd2,0,0,0,0,0,0,0,0,0,0
2026-05-15 13:07:58,RA2,0,Cmd103,0,0,0,0,0,0,0,0,0,0
2026-05-15 13:08:00,RA2,0,Cmd421,0,999,0,0,0,1,11,0,1,0
2026-05-15 13:08:01,RA2,0,Cmd421,0,999,0,0,0,1,2,0,1,0
2026-05-15 13:08:02,RA2,0,Cmd421,0,999,0,0,0,1,8,0,1,0
2026-05-15 13:08:02,RA2,0,Cmd421,0,999,0,0,0,1,5,0,1,0
2026-05-15 13:08:17,PLC,0,Cmd101,0,0,0,0,0,0,0,0,0,0
2026-05-15 13:08:35,PLC,0,Cmd101,0,0,0,0,0,0,0,0,0,0
2026-05-15 13:08:53,PLC,0,Cmd101,0,0,0,0,0,0,0,0,0,0
2026-05-15 13:09:10,PLC,0,Cmd101,0,0,0,0,0,0,0,0,0,0
2026-05-15 13:09:56,PLC,0,Cmd1,0,0,0,0,0,0,0,0,0,0
2026-05-15 13:10:00,PLC,0,Cmd107,1,0,0,0,0,0,0,0,0,0
2026-05-15 13:10:00,RPD,0,Cmd302,0,0,0,0,0,0,0,0,0,0
2026-05-15 13:10:02,PLC,0,Cmd107,1,0,0,0,0,0,0,0,0,0
2026-05-15 13:10:02,RPD,0,Cmd302,0,0,0,0,0,0,0,0,0,0
2026-05-15 13:10:06,PLC,0,Cmd102,0,0,0,0,0,0,0,0,0,0
2026-05-15 13:10:07,PLC,0,Cmd140,0,0,0,0,0,0,0,0,0,0
2026-05-15 13:35:14,PLC,0,Cmd141,0,0,0,0,0,0,0,0,0,0
2026-05-15 13:35:14,PLC,0,Cmd101,0,0,0,0,0,0,0,0,0,0
2026-05-15 13:35:15,PLC,0,Cmd106,0,0,0,0,0,0,0,0,0,0
2026-05-15 13:35:16,PLC,0,Cmd1,0,0,0,0,0,0,0,0,0,0
2026-05-15 13:35:16,PLC,0,Cmd302,0,0,0,0,0,0,0,0,0,0
2026-05-15 13:35:18,PLC,0,Cmd107,0,0,0,0,0,0,0,0,0,0
2026-05-15 13:35:18,RPD,0,Cmd302,0,0,0,0,0,0,0,0,0,0
2026-05-15 13:35:29,PLC,0,Cmd405,10007,0,0,0,0,0,0,0,0,0
2026-05-15 13:36:44,PLC,0,Cmd140,0,0,0,0,0,0,0,0,0,0
2026-05-15 13:41:19,PLC,0,Cmd101,0,0,0,0,0,0,0,0,0,0
2026-05-15 13:41:20,PLC,0,Cmd101,0,0,0,0,0,0,0,0,0,0
2026-05-15 13:41:21,PLC,0,Cmd101,0,0,0,0,0,0,0,0,0,0
2026-05-15 14:33:11,PLC,0,Cmd141,0,0,0,0,0,0,0,0,0,0
2026-05-15 14:33:12,PLC,0,Cmd106,0,0,0,0,0,0,0,0,0,0
2026-05-15 14:33:12,PLC,0,Cmd101,0,0,0,0,0,0,0,0,0,0
2026-05-15 14:33:13,PLC,0,Cmd1,0,0,0,0,0,0,0,0,0,0
2026-05-15 14:33:15,PLC,0,Cmd107,0,0,0,0,0,0,0,0,0,0
2026-05-15 14:33:15,RPD,0,Cmd302,0,0,0,0,0,0,0,0,0,0
2026-05-15 14:33:17,PLC,0,Cmd107,0,0,0,0,0,0,0,0,0,0
2026-05-15 14:33:17,RPD,0,Cmd302,0,0,0,0,0,0,0,0,0,0
2026-05-15 14:33:35,PLC,0,Cmd405,10001,0,0,0,0,0,0,0,0,0
2026-05-15 14:33:43,PLC,0,Cmd101,0,0,0,0,0,0,0,0,0,0
2026-05-15 14:33:44,PLC,0,Cmd314,0,0,0,0,0,0,0,0,0,0
2026-05-15 14:33:54,PLC,0,Cmd102,0,0,0,0,0,0,0,0,0,0
2026-05-15 14:33:55,PLC,0,Cmd2,0,0,0,0,0,0,0,0,0,0
2026-05-15 14:34:13,RA2,-4,Cmd103,0,0,0,0,0,0,0,0,0,0
2026-05-15 14:34:13,RA2,0,Cmd103,0,0,0,0,0,0,0,0,0,0
2026-05-15 14:34:13,RA2,0,Cmd103,0,0,0,0,0,0,0,0,0,0
2026-05-15 14:34:20,RA2,0,Cmd421,10014,0,0,0,0,1,0,0,1,0
2026-05-15 14:34:25,RPD,0,Cmd200,999,1,10,0,0,0,0,0,0,0
2026-05-15 14:34:26,RPD,0,Cmd201,0,0,0,0,0,0,0,0,0,0
2026-05-15 14:37:46,PLC,0,Cmd101,0,0,0,0,0,0,0,0,0,0
2026-05-15 14:40:16,RA2,0,Cmd421,10014,0,0,0,0,1,0,0,1,0
2026-05-15 14:40:21,RPD,0,Cmd200,999,1,7,0,0,0,0,0,0,0
2026-05-15 14:40:22,RPD,0,Cmd201,0,0,0,0,0,0,0,0,0,0
2026-05-15 14:43:42,PLC,0,Cmd101,0,0,0,0,0,0,0,0,0,0
2026-05-15 14:44:06,RA2,0,Cmd421,10014,0,0,0,0,1,0,0,1,0
2026-05-15 14:44:11,RPD,0,Cmd200,999,1,6,0,0,0,0,0,0,0
2026-05-15 14:44:12,RPD,0,Cmd201,0,0,0,0,0,0,0,0,0,0
2026-05-15 14:44:54,PLC,0,Cmd101,0,0,0,0,0,0,0,0,0,0
2026-05-15 14:51:32,RA2,0,Cmd421,10014,0,0,0,0,1,0,0,1,0
2026-05-15 14:51:37,RPD,0,Cmd200,999,1,9,0,0,0,0,0,0,0
2026-05-15 14:51:38,RPD,0,Cmd201,0,0,0,0,0,0,0,0,0,0
2026-05-15 14:52:21,PLC,0,Cmd101,0,0,0,0,0,0,0,0,0,0
2026-05-15 14:52:36,PLC,0,Cmd1,0,0,0,0,0,0,0,0,0,0
2026-05-15 14:52:38,PLC,0,Cmd101,0,0,0,0,0,0,0,0,0,0
2026-05-15 14:52:40,PLC,0,Cmd303,0,0,0,0,0,0,0,0,0,0
2026-05-15 14:52:40,PLC,0,Cmd302,0,0,0,0,0,0,0,0,0,0
2026-05-15 14:52:41,PLC,0,Cmd101,0,0,0,0,0,0,0,0,0,0
2026-05-15 14:52:42,PLC,0,Cmd107,0,0,0,0,0,0,0,0,0,0
2026-05-15 14:52:42,RPD,0,Cmd302,0,0,0,0,0,0,0,0,0,0
2026-05-15 17:02:05,PLC,0,Cmd101,0,0,0,0,0,0,0,0,0,0
2026-05-15 17:02:19,PLC,0,Cmd101,0,0,0,0,0,0,0,0,0,0
2026-05-15 17:02:20,PLC,0,Cmd101,0,0,0,0,0,0,0,0,0,0
2026-05-15 17:02:21,PLC,0,Cmd101,0,0,0,0,0,0,0,0,0,0
2026-05-15 17:02:22,PLC,0,Cmd101,0,0,0,0,0,0,0,0,0,0
2026-05-15 17:06:12,PLC,0,Cmd303,0,0,0,0,0,0,0,0,0,0
2026-05-15 17:06:13,PLC,0,Cmd102,0,0,0,0,0,0,0,0,0,0
2026-05-15 17:06:13,PLC,0,Cmd101,0,0,0,0,0,0,0,0,0,0
2026-05-15 17:06:14,PLC,0,Cmd302,0,0,0,0,0,0,0,0,0,0
2026-05-15 17:06:15,PLC,0,Cmd107,0,0,0,0,0,0,0,0,0,0
2026-05-15 17:06:15,RPD,0,Cmd302,0,0,0,0,0,0,0,0,0,0
2026-05-15 17:06:30,PLC,0,Cmd405,10007,0,0,0,0,0,0,0,0,0
2026-05-15 17:11:23,PLC,0,Cmd102,0,0,0,0,0,0,0,0,0,0
2026-05-15 17:11:24,PLC,0,Cmd140,0,0,0,0,0,0,0,0,0,0
2026-05-15 17:11:39,PLC,0,Cmd141,0,0,0,0,0,0,0,0,0,0
2026-05-15 17:11:40,PLC,0,Cmd106,0,0,0,0,0,0,0,0,0,0
2026-05-15 17:11:40,PLC,0,Cmd101,0,0,0,0,0,0,0,0,0,0
2026-05-15 17:11:41,PLC,0,Cmd1,0,0,0,0,0,0,0,0,0,0
2026-05-15 19:19:04,PLC,0,Cmd302,0,0,0,0,0,0,0,0,0,0
2026-05-15 19:19:05,PLC,0,Cmd140,0,0,0,0,0,0,0,0,0,0
2026-05-16 01:04:46,PLC,0,Cmd141,0,0,0,0,0,0,0,0,0,0
2026-05-16 01:04:47,PLC,0,Cmd101,0,0,0,0,0,0,0,0,0,0
2026-05-16 01:04:47,PLC,0,Cmd106,0,0,0,0,0,0,0,0,0,0
2026-05-16 01:04:48,PLC,0,Cmd1,0,0,0,0,0,0,0,0,0,0
2026-05-16 01:04:49,PLC,0,Cmd101,0,0,0,0,0,0,0,0,0,0
2026-05-16 01:04:51,PLC,0,Cmd107,0,0,0,0,0,0,0,0,0,0
2026-05-16 01:04:51,RPD,0,Cmd302,0,0,0,0,0,0,0,0,0,0
2026-05-16 01:04:51,PLC,0,Cmd102,0,0,0,0,0,0,0,0,0,0
2026-05-16 01:04:52,PLC,0,Cmd314,0,0,0,0,0,0,0,0,0,0
2026-05-16 01:04:53,PLC,0,Cmd107,0,0,0,0,0,0,0,0,0,0
2026-05-16 01:04:53,RPD,0,Cmd302,0,0,0,0,0,0,0,0,0,0
2026-05-16 01:04:54,PLC,0,Cmd101,0,0,0,0,0,0,0,0,0,0
2026-05-16 01:04:54,PLC,0,Cmd102,0,0,0,0,0,0,0,0,0,0
2026-05-16 01:05:02,PLC,0,Cmd101,0,0,0,0,0,0,0,0,0,0
2026-05-16 01:35:02,PLC,0,Cmd101,0,0,0,0,0,0,0,0,0,0
2026-05-16 01:36:07,PLC,0,Cmd101,0,0,0,0,0,0,0,0,0,0
2026-05-16 01:36:08,PLC,0,Cmd101,0,0,0,0,0,0,0,0,0,0
2026-05-16 01:36:09,PLC,0,Cmd314,0,0,0,0,0,0,0,0,0,0
2026-05-16 01:36:10,PLC,0,Cmd107,0,0,0,0,0,0,0,0,0,0
2026-05-16 01:36:10,RPD,0,Cmd302,0,0,0,0,0,0,0,0,0,0
2026-05-16 01:36:10,PLC,0,Cmd102,0,0,0,0,0,0,0,0,0,0
2026-05-16 08:56:08,PLC,0,Cmd101,0,0,0,0,0,0,0,0,0,0
2026-05-16 08:56:09,PLC,0,Cmd101,0,0,0,0,0,0,0,0,0,0
2026-05-16 11:19:37,PLC,0,Cmd101,0,0,0,0,0,0,0,0,0,0
2026-05-16 11:20:24,PLC,0,Cmd141,0,0,0,0,0,0,0,0,0,0
2026-05-16 11:20:24,PLC,0,Cmd101,0,0,0,0,0,0,0,0,0,0
2026-05-16 11:20:25,PLC,0,Cmd106,0,0,0,0,0,0,0,0,0,0
2026-05-16 11:20:26,PLC,0,Cmd1,0,0,0,0,0,0,0,0,0,0
2026-05-16 11:20:30,PLC,0,Cmd140,0,0,0,0,0,0,0,0,0,0
2026-05-16 11:20:30,PLC,0,Cmd101,0,0,0,0,0,0,0,0,0,0
2026-05-16 11:20:32,PLC,0,Cmd141,0,0,0,0,0,0,0,0,0,0
2026-05-16 11:20:33,PLC,0,Cmd106,0,0,0,0,0,0,0,0,0,0
2026-05-16 11:20:34,PLC,0,Cmd1,0,0,0,0,0,0,0,0,0,0
2026-05-16 11:21:06,PLC,0,Cmd101,0,0,0,0,0,0,0,0,0,0
2026-05-16 11:21:06,PLC,0,Cmd302,0,0,0,0,0,0,0,0,0,0
2026-05-16 11:21:06,PLC,0,Cmd303,0,0,0,0,0,0,0,0,0,0
2026-05-16 11:21:07,PLC,0,Cmd101,0,0,0,0,0,0,0,0,0,0
2026-05-16 11:21:08,PLC,0,Cmd302,0,0,0,0,0,0,0,0,0,0
2026-05-16 11:21:09,PLC,0,Cmd101,0,0,0,0,0,0,0,0,0,0
2026-05-16 11:21:11,PLC,0,Cmd107,0,0,0,0,0,0,0,0,0,0
2026-05-16 11:21:11,RPD,0,Cmd302,0,0,0,0,0,0,0,0,0,0
2026-05-16 11:21:18,PLC,0,Cmd102,0,0,0,0,0,0,0,0,0,0
2026-05-16 11:21:19,PLC,0,Cmd2,0,0,0,0,0,0,0,0,0,0
2026-05-16 11:21:23,RA2,0,Cmd101,0,0,0,0,0,0,0,0,0,0
2026-05-16 11:21:23,RA2,0,Cmd101,0,0,0,0,0,0,0,0,0,0
2026-05-16 11:21:28,RA2,-4,Cmd103,0,0,0,0,0,0,0,0,0,0
2026-05-16 11:21:32,RA2,-4,Cmd103,0,0,0,0,0,0,0,0,0,0
2026-05-16 11:21:32,PLC,0,Cmd101,0,0,0,0,0,0,0,0,0,0
2026-05-16 11:21:36,RA2,-4,Cmd103,0,0,0,0,0,0,0,0,0,0
2026-05-16 11:21:36,RA2,0,Cmd103,0,0,0,0,0,0,0,0,0,0
2026-05-16 11:21:36,RA2,0,Cmd103,0,0,0,0,0,0,0,0,0,0
2026-05-16 11:21:36,RA2,0,Cmd101,0,0,0,0,0,0,0,0,0,0
2026-05-16 11:21:36,RA2,0,Cmd103,0,0,0,0,0,0,0,0,0,0
2026-05-16 11:21:41,RA2,0,Cmd421,0,999,0,0,0,1,5,0,1,0
2026-05-16 11:21:58,PLC,0,Cmd101,0,0,0,0,0,0,0,0,0,0
2026-05-16 11:21:58,RA2,0,Cmd421,0,999,0,0,0,1,5,0,1,0
2026-05-16 11:21:58,RA2,0,Cmd421,0,999,0,0,0,1,5,0,1,0
2026-05-16 11:21:59,RA2,0,Cmd421,0,999,0,0,0,1,5,0,1,0
2026-05-16 11:21:59,RA2,0,Cmd421,0,999,0,0,0,1,5,0,1,0
2026-05-16 11:22:15,PLC,0,Cmd101,0,0,0,0,0,0,0,0,0,0
2026-05-16 11:22:32,PLC,0,Cmd101,0,0,0,0,0,0,0,0,0,0
2026-05-16 11:22:49,PLC,0,Cmd101,0,0,0,0,0,0,0,0,0,0
2026-05-16 11:23:07,PLC,0,Cmd101,0,0,0,0,0,0,0,0,0,0
2026-05-16 11:23:15,RA2,0,Cmd421,0,999,0,0,0,1,8,0,1,0
2026-05-16 11:23:17,RA2,0,Cmd421,0,999,0,0,0,1,8,0,1,0
2026-05-16 11:23:17,RA2,0,Cmd421,0,999,0,0,0,1,8,0,1,0
2026-05-16 11:23:17,RA2,0,Cmd421,0,999,0,0,0,1,8,0,1,0
2026-05-16 11:23:33,PLC,0,Cmd101,0,0,0,0,0,0,0,0,0,0
2026-05-16 11:23:51,PLC,0,Cmd101,0,0,0,0,0,0,0,0,0,0
2026-05-16 11:24:09,PLC,0,Cmd101,0,0,0,0,0,0,0,0,0,0
2026-05-16 11:24:27,PLC,0,Cmd101,0,0,0,0,0,0,0,0,0,0
2026-05-16 11:24:48,RA2,0,Cmd421,10014,0,0,0,0,1,0,0,1,0
2026-05-16 11:24:53,RPD,0,Cmd200,999,1,9,0,0,0,0,0,0,0
2026-05-16 11:24:54,RPD,0,Cmd201,0,0,0,0,0,0,0,0,0,0
2026-05-16 11:25:36,PLC,0,Cmd101,0,0,0,0,0,0,0,0,0,0
2026-05-16 11:25:41,RA2,0,Cmd421,10014,0,0,0,0,1,0,0,1,0
2026-05-16 11:25:45,RPD,0,Cmd200,999,1,6,0,0,0,0,0,0,0
2026-05-16 11:25:46,RPD,0,Cmd201,0,0,0,0,0,0,0,0,0,0
2026-05-16 11:26:29,PLC,0,Cmd101,0,0,0,0,0,0,0,0,0,0
2026-05-16 11:26:43,RA2,0,Cmd421,10014,0,0,0,0,1,0,0,1,0
2026-05-16 11:26:48,RPD,0,Cmd200,999,1,6,0,0,0,0,0,0,0
2026-05-16 11:26:49,RPD,0,Cmd201,0,0,0,0,0,0,0,0,0,0
2026-05-16 11:27:31,PLC,0,Cmd101,0,0,0,0,0,0,0,0,0,0
2026-05-16 11:28:41,PLC,0,Cmd101,0,0,0,0,0,0,0,0,0,0
2026-05-16 11:28:44,PLC,0,Cmd101,0,0,0,0,0,0,0,0,0,0
2026-05-16 11:28:49,RA2,0,Cmd101,0,0,0,0,0,0,0,0,0,0
2026-05-16 11:28:49,RA2,0,Cmd101,0,0,0,0,0,0,0,0,0,0
2026-05-16 11:28:50,RA2,0,Cmd110,0,0,0,0,0,0,0,0,0,0
2026-05-16 11:28:50,RA2,0,Cmd302,0,0,0,0,0,0,0,0,0,0
2026-05-16 11:28:50,RA2,0,Cmd103,0,0,0,0,0,0,0,0,0,0
2026-05-16 11:28:50,RA2,0,Cmd103,0,0,0,0,0,0,0,0,0,0
2026-05-16 11:29:00,RA2,0,Cmd421,10014,0,0,0,0,1,0,0,1,0
2026-05-16 11:29:05,RPD,0,Cmd200,999,1,7,0,0,0,0,0,0,0
2026-05-16 11:29:06,RPD,0,Cmd201,0,0,0,0,0,0,0,0,0,0
2026-05-16 11:32:26,PLC,0,Cmd101,0,0,0,0,0,0,0,0,0,0
2026-05-16 11:32:33,RA2,0,Cmd421,10014,0,0,0,0,1,0,0,1,0
2026-05-16 11:32:38,RPD,0,Cmd200,999,1,10,0,0,0,0,0,0,0
2026-05-16 11:32:39,RPD,0,Cmd201,0,0,0,0,0,0,0,0,0,0
2026-05-16 11:35:59,PLC,0,Cmd101,0,0,0,0,0,0,0,0,0,0
2026-05-16 11:36:05,PLC,0,Cmd1,0,0,0,0,0,0,0,0,0,0
2026-05-16 11:36:09,PLC,0,Cmd102,0,0,0,0,0,0,0,0,0,0
2026-05-16 11:36:09,PLC,0,Cmd140,0,0,0,0,0,0,0,0,0,0
2026-05-16 11:37:10,PLC,0,Cmd141,0,0,0,0,0,0,0,0,0,0
2026-05-16 11:37:11,PLC,0,Cmd101,0,0,0,0,0,0,0,0,0,0
2026-05-16 11:37:11,PLC,0,Cmd106,0,0,0,0,0,0,0,0,0,0
2026-05-16 11:37:12,PLC,0,Cmd1,0,0,0,0,0,0,0,0,0,0
2026-05-16 11:37:12,PLC,0,Cmd302,0,0,0,0,0,0,0,0,0,0
2026-05-16 11:37:18,PLC,0,Cmd101,0,0,0,0,0,0,0,0,0,0
2026-05-16 11:37:31,PLC,0,Cmd405,10007,0,0,0,0,0,0,0,0,0
2026-05-16 11:37:34,PLC,0,Cmd107,0,0,0,0,0,0,0,0,0,0
2026-05-16 11:37:34,RPD,0,Cmd302,0,0,0,0,0,0,0,0,0,0
2026-05-16 11:37:41,PLC,0,Cmd102,0,0,0,0,0,0,0,0,0,0
2026-05-16 11:37:42,PLC,0,Cmd140,0,0,0,0,0,0,0,0,0,0
2026-05-16 12:27:16,PLC,0,Cmd141,0,0,0,0,0,0,0,0,0,0
2026-05-16 12:27:16,PLC,0,Cmd101,0,0,0,0,0,0,0,0,0,0
2026-05-16 12:27:17,PLC,0,Cmd106,0,0,0,0,0,0,0,0,0,0
2026-05-16 12:27:18,PLC,0,Cmd1,0,0,0,0,0,0,0,0,0,0
2026-05-16 12:30:38,PLC,0,Cmd140,0,0,0,0,0,0,0,0,0,0
2026-05-16 12:31:37,PLC,0,Cmd101,0,0,0,0,0,0,0,0,0,0
2026-05-16 12:31:47,PLC,0,Cmd101,0,0,0,0,0,0,0,0,0,0
2026-05-16 15:14:20,PLC,0,Cmd141,0,0,0,0,0,0,0,0,0,0
2026-05-16 15:14:20,PLC,0,Cmd101,0,0,0,0,0,0,0,0,0,0
2026-05-16 15:14:21,PLC,0,Cmd106,0,0,0,0,0,0,0,0,0,0
2026-05-16 15:14:22,PLC,0,Cmd1,0,0,0,0,0,0,0,0,0,0
2026-05-16 15:14:22,PLC,0,Cmd302,0,0,0,0,0,0,0,0,0,0
2026-05-16 15:14:26,PLC,0,Cmd101,0,0,0,0,0,0,0,0,0,0
2026-05-16 15:14:28,PLC,0,Cmd107,0,0,0,0,0,0,0,0,0,0
2026-05-16 15:14:28,RPD,0,Cmd302,0,0,0,0,0,0,0,0,0,0
2026-05-16 15:14:34,PLC,0,Cmd405,10001,0,0,0,0,0,0,0,0,0
2026-05-16 15:14:42,PLC,0,Cmd101,0,0,0,0,0,0,0,0,0,0
2026-05-16 15:14:43,PLC,0,Cmd314,0,0,0,0,0,0,0,0,0,0
2026-05-16 15:14:45,PLC,0,Cmd303,0,0,0,0,0,0,0,0,0,0
2026-05-16 15:14:46,PLC,0,Cmd302,0,0,0,0,0,0,0,0,0,0
2026-05-16 15:14:46,PLC,0,Cmd101,0,0,0,0,0,0,0,0,0,0
2026-05-16 15:15:10,PLC,0,Cmd421,22,0,0,0,0,0,0,0,1,18279
2026-05-16 15:15:30,PLC,0,Cmd413,0,0,0,0,0,0,0,0,0,0
2026-05-16 15:20:24,PLC,0,Cmd107,1,0,0,0,0,0,0,0,0,0
2026-05-16 15:20:24,RPD,0,Cmd302,0,0,0,0,0,0,0,0,0,0
2026-05-16 15:20:27,PLC,0,Cmd102,0,0,0,0,0,0,0,0,0,0
2026-05-16 15:20:28,PLC,0,Cmd140,0,0,0,0,0,0,0,0,0,0
2026-05-16 15:20:29,PLC,0,Cmd101,0,0,0,0,0,0,0,0,0,0
2026-05-16 15:31:25,PLC,0,Cmd141,0,0,0,0,0,0,0,0,0,0
2026-05-16 15:31:25,PLC,0,Cmd101,0,0,0,0,0,0,0,0,0,0
2026-05-16 15:31:26,PLC,0,Cmd106,0,0,0,0,0,0,0,0,0,0
2026-05-16 15:31:27,PLC,0,Cmd1,0,0,0,0,0,0,0,0,0,0
2026-05-16 15:31:29,PLC,0,Cmd107,0,0,0,0,0,0,0,0,0,0
2026-05-16 15:31:29,RPD,0,Cmd302,0,0,0,0,0,0,0,0,0,0
2026-05-16 15:31:29,PLC,0,Cmd102,0,0,0,0,0,0,0,0,0,0
2026-05-16 15:50:20,PLC,0,Cmd101,0,0,0,0,0,0,0,0,0,0
2026-05-16 15:50:20,PLC,0,Cmd302,0,0,0,0,0,0,0,0,0,0
2026-05-16 15:50:21,PLC,0,Cmd303,0,0,0,0,0,0,0,0,0,0
2026-05-16 15:50:22,PLC,0,Cmd101,0,0,0,0,0,0,0,0,0,0
2026-05-16 15:50:22,PLC,0,Cmd302,0,0,0,0,0,0,0,0,0,0
2026-05-16 15:50:23,PLC,0,Cmd101,0,0,0,0,0,0,0,0,0,0
2026-05-16 15:50:25,PLC,0,Cmd107,0,0,0,0,0,0,0,0,0,0
2026-05-16 15:50:25,RPD,0,Cmd302,0,0,0,0,0,0,0,0,0,0
2026-05-16 15:50:32,PLC,0,Cmd102,0,0,0,0,0,0,0,0,0,0
2026-05-16 15:50:33,PLC,0,Cmd2,0,0,0,0,0,0,0,0,0,0
2026-05-16 15:51:28,RA2,0,Cmd101,0,0,0,0,0,0,0,0,0,0
2026-05-16 15:51:29,RA2,0,Cmd103,0,0,0,0,0,0,0,0,0,0
2026-05-16 15:56:43,PLC,0,Cmd101,0,0,0,0,0,0,0,0,0,0
2026-05-16 15:56:48,PLC,0,Cmd101,0,0,0,0,0,0,0,0,0,0
2026-05-16 15:56:50,PLC,0,Cmd101,0,0,0,0,0,0,0,0,0,0
2026-05-16 15:57:05,PLC,0,Cmd101,0,0,0,0,0,0,0,0,0,0
2026-05-16 15:57:10,PLC,0,Cmd101,0,0,0,0,0,0,0,0,0,0
2026-05-16 15:57:11,PLC,0,Cmd101,0,0,0,0,0,0,0,0,0,0
2026-05-16 15:57:33,PLC,0,Cmd101,0,0,0,0,0,0,0,0,0,0
2026-05-16 15:57:35,PLC,0,Cmd101,0,0,0,0,0,0,0,0,0,0
2026-05-16 15:58:16,PLC,0,Cmd101,0,0,0,0,0,0,0,0,0,0
2026-05-16 15:59:05,PLC,0,Cmd101,0,0,0,0,0,0,0,0,0,0
2026-05-16 15:59:06,PLC,0,Cmd101,0,0,0,0,0,0,0,0,0,0
2026-05-16 16:01:49,PLC,0,Cmd101,0,0,0,0,0,0,0,0,0,0
2026-05-16 16:01:51,PLC,0,Cmd101,0,0,0,0,0,0,0,0,0,0
2026-05-16 16:02:01,PLC,0,Cmd101,0,0,0,0,0,0,0,0,0,0
2026-05-16 16:05:18,PLC,0,Cmd101,0,0,0,0,0,0,0,0,0,0
2026-05-16 16:06:17,PLC,0,Cmd101,0,0,0,0,0,0,0,0,0,0
2026-05-16 16:06:19,PLC,0,Cmd101,0,0,0,0,0,0,0,0,0,0
2026-05-16 16:06:24,RA2,0,Cmd101,0,0,0,0,0,0,0,0,0,0
2026-05-16 16:06:24,RA2,0,Cmd101,0,0,0,0,0,0,0,0,0,0
2026-05-16 16:19:58,PLC,0,Cmd101,0,0,0,0,0,0,0,0,0,0
2026-05-16 16:19:59,PLC,0,Cmd101,0,0,0,0,0,0,0,0,0,0
2026-05-16 16:20:00,PLC,0,Cmd101,0,0,0,0,0,0,0,0,0,0
2026-05-16 16:20:01,PLC,0,Cmd101,0,0,0,0,0,0,0,0,0,0
2026-05-16 16:46:28,PLC,0,Cmd101,0,0,0,0,0,0,0,0,0,0
2026-05-17 10:18:54,PLC,0,Cmd101,0,0,0,0,0,0,0,0,0,0
2026-05-17 10:19:00,PLC,0,Cmd1,0,0,0,0,0,0,0,0,0,0
2026-05-17 10:19:00,PLC,0,Cmd315,0,0,0,0,0,0,0,0,0,0
2026-05-17 10:19:03,PLC,0,Cmd302,0,0,0,0,0,0,0,0,0,0
2026-05-17 10:19:04,PLC,0,Cmd101,0,0,0,0,0,0,0,0,0,0
2026-05-17 10:19:06,PLC,0,Cmd107,0,0,0,0,0,0,0,0,0,0
2026-05-17 10:19:06,RPD,0,Cmd302,0,0,0,0,0,0,0,0,0,0
2026-05-17 10:19:10,PLC,0,Cmd102,0,0,0,0,0,0,0,0,0,0
2026-05-17 10:19:11,PLC,0,Cmd2,0,0,0,0,0,0,0,0,0,0
2026-05-17 10:19:26,RA2,0,Cmd107,2,0,0,0,0,0,0,0,0,0
2026-05-17 10:19:26,RPD,0,Cmd302,0,0,0,0,0,0,0,0,0,0
2026-05-17 10:19:26,RPD,0,Cmd400,10001,0,0,0,0,0,0,0,0,0
2026-05-17 10:24:44,PLC,0,Cmd101,0,0,0,0,0,0,0,0,0,0
2026-05-17 10:24:54,PLC,0,Cmd101,0,0,0,0,0,0,0,0,0,0
2026-05-17 10:24:55,PLC,0,Cmd101,0,0,0,0,0,0,0,0,0,0
2026-05-17 10:24:57,PLC,0,Cmd101,0,0,0,0,0,0,0,0,0,0
2026-05-17 10:25:04,PLC,0,Cmd101,0,0,0,0,0,0,0,0,0,0
2026-05-17 10:31:44,PLC,0,Cmd101,0,0,0,0,0,0,0,0,0,0
2026-05-17 10:43:19,PLC,0,Cmd101,0,0,0,0,0,0,0,0,0,0
2026-05-17 10:43:22,PLC,0,Cmd101,0,0,0,0,0,0,0,0,0,0
2026-05-17 10:46:12,RA2,0,Cmd101,0,0,0,0,0,0,0,0,0,0
2026-05-17 10:46:12,RA2,0,Cmd302,0,0,0,0,0,0,0,0,0,0
2026-05-17 10:46:18,RA2,-4,Cmd110,0,0,0,0,0,0,0,0,0,0
2026-05-17 10:46:22,RA2,-4,Cmd103,0,0,0,0,0,0,0,0,0,0
2026-05-17 10:46:27,RA2,-4,Cmd110,0,0,0,0,0,0,0,0,0,0
2026-05-17 10:46:31,RA2,-4,Cmd110,0,0,0,0,0,0,0,0,0,0
2026-05-17 10:46:35,RA2,-4,Cmd103,0,0,0,0,0,0,0,0,0,0
2026-05-17 10:46:39,RA2,-4,Cmd103,0,0,0,0,0,0,0,0,0,0
2026-05-17 10:46:43,RA2,-4,Cmd110,0,0,0,0,0,0,0,0,0,0
2026-05-17 10:46:47,RA2,-4,Cmd110,0,0,0,0,0,0,0,0,0,0
2026-05-17 10:46:55,RA2,-1,Cmd107,2,0,0,0,0,0,0,0,0,0
2026-05-17 10:46:55,RA2,0,Cmd101,0,0,0,0,0,0,0,0,0,0
2026-05-17 10:47:06,RA2,-1,Cmd107,2,0,0,0,0,0,0,0,0,0
2026-05-17 10:47:06,RA2,0,Cmd101,0,0,0,0,0,0,0,0,0,0
2026-05-17 10:47:22,RA2,-1,Cmd107,2,0,0,0,0,0,0,0,0,0
2026-05-17 10:47:22,PLC,0,Cmd1,0,0,0,0,0,0,0,0,0,0
2026-05-17 10:47:22,PLC,0,Cmd101,0,0,0,0,0,0,0,0,0,0
2026-05-17 10:47:25,PLC,0,Cmd107,0,0,0,0,0,0,0,0,0,0
2026-05-17 10:47:25,RPD,0,Cmd302,0,0,0,0,0,0,0,0,0,0
2026-05-17 10:47:27,PLC,0,Cmd102,0,0,0,0,0,0,0,0,0,0
2026-05-17 10:47:27,PLC,0,Cmd2,0,0,0,0,0,0,0,0,0,0
2026-05-17 10:47:31,RA2,0,Cmd107,2,0,0,0,0,0,0,0,0,0
2026-05-17 10:47:31,RPD,0,Cmd302,0,0,0,0,0,0,0,0,0,0
2026-05-17 10:47:31,RPD,0,Cmd400,10001,0,0,0,0,0,0,0,0,0
2026-05-17 10:47:43,RA2,0,Cmd421,0,8,0,0,0,0,0,0,1,0
2026-05-17 10:50:43,PLC,0,Cmd101,0,0,0,0,0,0,0,0,0,0
2026-05-17 10:51:46,PLC,0,Cmd101,0,0,0,0,0,0,0,0,0,0
2026-05-17 10:51:50,RA2,0,Cmd101,0,0,0,0,0,0,0,0,0,0
2026-05-17 10:51:55,RA2,0,Cmd101,0,0,0,0,0,0,0,0,0,0
2026-05-17 10:51:55,RA2,0,Cmd101,0,0,0,0,0,0,0,0,0,0
2026-05-17 10:51:55,RA2,0,Cmd302,0,0,0,0,0,0,0,0,0,0
2026-05-17 10:51:55,RA2,0,Cmd302,0,0,0,0,0,0,0,0,0,0
2026-05-17 10:51:57,RA2,0,Cmd110,0,0,0,0,0,0,0,0,0,0
2026-05-17 10:51:57,RA2,0,Cmd110,0,0,0,0,0,0,0,0,0,0
2026-05-17 10:52:01,RA2,-4,Cmd103,0,0,0,0,0,0,0,0,0,0
2026-05-17 10:52:01,RA2,0,Cmd103,0,0,0,0,0,0,0,0,0,0
2026-05-17 10:52:01,RA2,0,Cmd101,0,0,0,0,0,0,0,0,0,0
2026-05-17 10:52:01,RA2,0,Cmd101,0,0,0,0,0,0,0,0,0,0
2026-05-17 10:52:01,RA2,0,Cmd302,0,0,0,0,0,0,0,0,0,0
2026-05-17 10:52:01,RA2,0,Cmd302,0,0,0,0,0,0,0,0,0,0
2026-05-17 10:52:01,RA2,0,Cmd101,0,0,0,0,0,0,0,0,0,0
2026-05-17 10:52:01,RA2,0,Cmd101,0,0,0,0,0,0,0,0,0,0
2026-05-17 10:52:04,PLC,0,Cmd101,0,0,0,0,0,0,0,0,0,0
2026-05-17 10:52:09,RA2,0,Cmd101,0,0,0,0,0,0,0,0,0,0
2026-05-17 10:52:10,RA2,0,Cmd101,0,0,0,0,0,0,0,0,0,0
2026-05-17 10:52:11,RA2,0,Cmd302,0,0,0,0,0,0,0,0,0,0
2026-05-17 10:52:12,RA2,0,Cmd302,0,0,0,0,0,0,0,0,0,0
2026-05-17 10:52:20,RA2,0,Cmd101,0,0,0,0,0,0,0,0,0,0
2026-05-17 10:52:21,RA2,0,Cmd101,0,0,0,0,0,0,0,0,0,0
2026-05-17 10:52:21,RA2,0,Cmd101,0,0,0,0,0,0,0,0,0,0
2026-05-17 10:52:21,RA2,0,Cmd101,0,0,0,0,0,0,0,0,0,0
2026-05-17 10:52:21,RA2,0,Cmd302,0,0,0,0,0,0,0,0,0,0
2026-05-17 10:52:21,RA2,0,Cmd302,0,0,0,0,0,0,0,0,0,0
2026-05-17 10:52:25,RA2,0,Cmd101,0,0,0,0,0,0,0,0,0,0
2026-05-17 10:52:25,RA2,0,Cmd101,0,0,0,0,0,0,0,0,0,0
2026-05-17 10:52:25,RA2,0,Cmd302,0,0,0,0,0,0,0,0,0,0
2026-05-17 10:52:26,RA2,0,Cmd302,0,0,0,0,0,0,0,0,0,0
2026-05-17 10:52:45,PLC,0,Cmd101,0,0,0,0,0,0,0,0,0,0
2026-05-17 10:52:56,RA2,0,Cmd101,0,0,0,0,0,0,0,0,0,0
2026-05-17 10:52:58,RA2,0,Cmd302,0,0,0,0,0,0,0,0,0,0
2026-05-17 10:52:58,RA2,0,Cmd302,0,0,0,0,0,0,0,0,0,0
2026-05-17 10:52:59,RA2,0,Cmd101,0,0,0,0,0,0,0,0,0,0
2026-05-17 10:52:59,RA2,0,Cmd101,0,0,0,0,0,0,0,0,0,0
2026-05-17 10:52:59,RA2,0,Cmd101,0,0,0,0,0,0,0,0,0,0
2026-05-17 10:52:59,RA2,0,Cmd101,0,0,0,0,0,0,0,0,0,0
2026-05-17 10:52:59,RA2,0,Cmd302,0,0,0,0,0,0,0,0,0,0
2026-05-17 10:53:02,RA2,0,Cmd101,0,0,0,0,0,0,0,0,0,0
2026-05-17 10:53:03,RA2,0,Cmd302,0,0,0,0,0,0,0,0,0,0
2026-05-17 10:53:03,RA2,0,Cmd302,0,0,0,0,0,0,0,0,0,0
2026-05-17 10:53:04,RA2,0,Cmd101,0,0,0,0,0,0,0,0,0,0
2026-05-17 10:53:04,RA2,0,Cmd101,0,0,0,0,0,0,0,0,0,0
2026-05-17 10:53:05,RA2,0,Cmd101,0,0,0,0,0,0,0,0,0,0
2026-05-17 10:53:06,RA2,0,Cmd101,0,0,0,0,0,0,0,0,0,0
2026-05-17 10:53:06,RA2,0,Cmd302,0,0,0,0,0,0,0,0,0,0
2026-05-17 10:53:07,RA2,0,Cmd101,0,0,0,0,0,0,0,0,0,0
2026-05-17 10:53:07,RA2,0,Cmd101,0,0,0,0,0,0,0,0,0,0
2026-05-17 10:53:25,PLC,0,Cmd1,0,0,0,0,0,0,0,0,0,0
2026-05-17 10:53:25,PLC,0,Cmd102,0,0,0,0,0,0,0,0,0,0
2026-05-17 10:53:27,PLC,0,Cmd101,0,0,0,0,0,0,0,0,0,0
2026-05-17 10:53:29,PLC,0,Cmd107,0,0,0,0,0,0,0,0,0,0
2026-05-17 10:53:29,RPD,0,Cmd302,0,0,0,0,0,0,0,0,0,0
2026-05-17 10:53:29,PLC,0,Cmd102,0,0,0,0,0,0,0,0,0,0
2026-05-17 10:53:40,PLC,0,Cmd303,0,0,0,0,0,0,0,0,0,0
2026-05-17 10:53:41,PLC,0,Cmd302,0,0,0,0,0,0,0,0,0,0
2026-05-17 10:53:41,PLC,0,Cmd140,0,0,0,0,0,0,0,0,0,0
2026-05-17 10:54:18,PLC,0,Cmd141,0,0,0,0,0,0,0,0,0,0
2026-05-17 10:54:19,PLC,0,Cmd101,0,0,0,0,0,0,0,0,0,0
2026-05-17 10:54:19,PLC,0,Cmd106,0,0,0,0,0,0,0,0,0,0
2026-05-17 10:54:20,PLC,0,Cmd1,0,0,0,0,0,0,0,0,0,0
2026-05-17 10:54:21,PLC,0,Cmd101,0,0,0,0,0,0,0,0,0,0
2026-05-17 10:54:21,PLC,0,Cmd302,0,0,0,0,0,0,0,0,0,0
2026-05-17 10:54:23,PLC,0,Cmd107,0,0,0,0,0,0,0,0,0,0
2026-05-17 10:54:23,RPD,0,Cmd302,0,0,0,0,0,0,0,0,0,0
2026-05-17 10:54:23,PLC,0,Cmd102,0,0,0,0,0,0,0,0,0,0
2026-05-17 10:54:25,RA2,0,Cmd101,0,0,0,0,0,0,0,0,0,0
2026-05-17 10:54:25,RA2,0,Cmd101,0,0,0,0,0,0,0,0,0,0
2026-05-17 10:54:30,RA2,0,Cmd101,0,0,0,0,0,0,0,0,0,0
2026-05-17 10:54:45,PLC,0,Cmd303,0,0,0,0,0,0,0,0,0,0
2026-05-17 10:54:46,PLC,0,Cmd302,0,0,0,0,0,0,0,0,0,0
2026-05-17 10:54:46,PLC,0,Cmd101,0,0,0,0,0,0,0,0,0,0
2026-05-17 10:54:47,PLC,0,Cmd107,0,0,0,0,0,0,0,0,0,0
2026-05-17 10:54:47,RPD,0,Cmd302,0,0,0,0,0,0,0,0,0,0
2026-05-17 10:54:48,PLC,0,Cmd102,0,0,0,0,0,0,0,0,0,0
2026-05-17 10:54:51,PLC,0,Cmd315,0,0,0,0,0,0,0,0,0,0
2026-05-17 10:54:52,PLC,0,Cmd303,0,0,0,0,0,0,0,0,0,0
2026-05-17 10:54:54,PLC,0,Cmd101,0,0,0,0,0,0,0,0,0,0
2026-05-17 10:54:55,PLC,0,Cmd107,0,0,0,0,0,0,0,0,0,0
2026-05-17 10:55:02,PLC,0,Cmd302,0,0,0,0,0,0,0,0,0,0
2026-05-17 10:55:02,PLC,0,Cmd314,0,0,0,0,0,0,0,0,0,0
2026-05-17 10:55:25,PLC,0,Cmd405,10014,0,0,0,0,0,0,0,0,0
2026-05-17 10:55:31,RPD,0,Cmd200,999,1,2,0,0,0,0,0,0,0
2026-05-17 10:55:32,RPD,0,Cmd201,0,0,0,0,0,0,0,0,0,0
2026-05-17 10:55:46,PLC,0,Cmd101,0,0,0,0,0,0,0,0,0,0
2026-05-17 10:55:47,PLC,0,Cmd314,0,0,0,0,0,0,0,0,0,0
2026-05-17 10:55:47,PLC,0,Cmd101,0,0,0,0,0,0,0,0,0,0
2026-05-17 10:55:48,PLC,0,Cmd107,0,0,0,0,0,0,0,0,0,0
2026-05-17 10:55:48,RPD,0,Cmd302,0,0,0,0,0,0,0,0,0,0
2026-05-17 10:55:56,PLC,0,Cmd101,0,0,0,0,0,0,0,0,0,0
2026-05-17 10:55:57,PLC,0,Cmd107,0,0,0,0,0,0,0,0,0,0
2026-05-17 10:55:57,RPD,0,Cmd302,0,0,0,0,0,0,0,0,0,0
2026-05-17 10:56:05,PLC,0,Cmd102,0,0,0,0,0,0,0,0,0,0
2026-05-17 10:56:06,PLC,0,Cmd2,0,0,0,0,0,0,0,0,0,0
2026-05-17 10:56:11,RA2,0,Cmd103,0,0,0,0,0,0,0,0,0,0
2026-05-17 10:56:17,RA2,0,Cmd421,0,8,0,0,0,0,0,0,1,0
2026-05-17 10:56:43,PLC,0,Cmd101,0,0,0,0,0,0,0,0,0,0
2026-05-17 10:56:51,RA2,0,Cmd421,10011,0,0,0,0,0,0,1,1,0
2026-05-17 10:57:08,PLC,0,Cmd101,0,0,0,0,0,0,0,0,0,0
2026-05-17 11:02:35,PLC,0,Cmd101,0,0,0,0,0,0,0,0,0,0
2026-05-17 11:04:24,RA2,0,Cmd421,10011,0,0,0,0,0,0,1,1,0
2026-05-17 11:04:39,PLC,0,Cmd101,0,0,0,0,0,0,0,0,0,0
2026-05-17 11:10:06,PLC,0,Cmd101,0,0,0,0,0,0,0,0,0,0
2026-05-17 11:12:55,RA2,0,Cmd421,0,999,0,0,0,1,2,0,1,0
2026-05-17 11:13:01,RA2,0,Cmd421,10014,0,0,0,0,1,0,0,1,0
2026-05-17 11:13:12,PLC,0,Cmd101,0,0,0,0,0,0,0,0,0,0
2026-05-17 11:13:17,RPD,0,Cmd200,999,1,4,0,0,0,0,0,0,0
2026-05-17 11:13:18,RPD,0,Cmd201,0,0,0,0,0,0,0,0,0,0
2026-05-17 11:16:45,PLC,0,Cmd101,0,0,0,0,0,0,0,0,0,0
2026-05-17 11:26:02,RA2,0,Cmd421,10014,0,0,0,0,1,0,0,1,0
2026-05-17 11:26:07,RPD,0,Cmd200,999,1,3,0,0,0,0,0,0,0
2026-05-17 11:26:08,RPD,0,Cmd201,0,0,0,0,0,0,0,0,0,0
2026-05-17 11:27:19,PLC,0,Cmd101,0,0,0,0,0,0,0,0,0,0
2026-05-17 11:29:09,PLC,0,Cmd1,0,0,0,0,0,0,0,0,0,0
2026-05-17 11:29:09,PLC,0,Cmd303,0,0,0,0,0,0,0,0,0,0
2026-05-17 11:29:13,PLC,0,Cmd302,0,0,0,0,0,0,0,0,0,0
2026-05-17 11:29:13,PLC,0,Cmd314,0,0,0,0,0,0,0,0,0,0
2026-05-17 11:29:15,PLC,0,Cmd101,0,0,0,0,0,0,0,0,0,0
2026-05-17 11:29:16,PLC,0,Cmd101,0,0,0,0,0,0,0,0,0,0
2026-05-17 11:29:19,PLC,0,Cmd303,0,0,0,0,0,0,0,0,0,0
2026-05-17 11:29:20,PLC,0,Cmd101,0,0,0,0,0,0,0,0,0,0
2026-05-17 11:29:20,PLC,0,Cmd102,0,0,0,0,0,0,0,0,0,0
2026-05-17 11:29:20,PLC,0,Cmd302,0,0,0,0,0,0,0,0,0,0
2026-05-17 11:29:21,PLC,0,Cmd107,0,0,0,0,0,0,0,0,0,0
2026-05-17 11:29:21,RPD,0,Cmd302,0,0,0,0,0,0,0,0,0,0
2026-05-17 11:29:30,PLC,0,Cmd405,10007,0,0,0,0,0,0,0,0,0
2026-05-17 11:30:21,PLC,0,Cmd102,0,0,0,0,0,0,0,0,0,0
2026-05-17 11:30:22,PLC,0,Cmd140,0,0,0,0,0,0,0,0,0,0
2026-05-17 11:42:58,PLC,0,Cmd106,0,0,0,0,0,0,0,0,0,0
2026-05-17 11:42:58,PLC,0,Cmd1,0,0,0,0,0,0,0,0,0,0
2026-05-17 11:45:54,PLC,0,Cmd101,0,0,0,0,0,0,0,0,0,0
2026-05-17 11:45:55,PLC,0,Cmd315,0,0,0,0,0,0,0,0,0,0
2026-05-17 11:45:55,PLC,0,Cmd302,0,0,0,0,0,0,0,0,0,0
2026-05-17 11:45:56,PLC,0,Cmd101,0,0,0,0,0,0,0,0,0,0
2026-05-17 11:45:58,PLC,0,Cmd107,0,0,0,0,0,0,0,0,0,0
2026-05-17 11:45:58,RPD,0,Cmd302,0,0,0,0,0,0,0,0,0,0
2026-05-17 11:46:00,PLC,0,Cmd303,0,0,0,0,0,0,0,0,0,0
2026-05-17 11:46:00,PLC,0,Cmd101,0,0,0,0,0,0,0,0,0,0
2026-05-17 11:46:01,PLC,0,Cmd102,0,0,0,0,0,0,0,0,0,0
2026-05-17 11:46:01,PLC,0,Cmd302,0,0,0,0,0,0,0,0,0,0
2026-05-17 11:46:05,PLC,0,Cmd405,10001,0,0,0,0,0,0,0,0,0
2026-05-17 11:46:16,PLC,0,Cmd101,0,0,0,0,0,0,0,0,0,0
2026-05-17 11:46:17,PLC,0,Cmd107,0,0,0,0,0,0,0,0,0,0
2026-05-17 11:46:17,RPD,0,Cmd302,0,0,0,0,0,0,0,0,0,0
2026-05-17 11:46:18,PLC,0,Cmd405,10001,0,0,0,0,0,0,0,0,0
2026-05-17 11:46:25,PLC,0,Cmd101,0,0,0,0,0,0,0,0,0,0
2026-05-17 11:46:26,PLC,0,Cmd314,0,0,0,0,0,0,0,0,0,0
2026-05-17 11:46:30,PLC,0,Cmd102,0,0,0,0,0,0,0,0,0,0
2026-05-17 11:46:31,PLC,0,Cmd2,0,0,0,0,0,0,0,0,0,0
2026-05-17 11:46:43,RA2,0,Cmd103,0,0,0,0,0,0,0,0,0,0
2026-05-17 11:46:50,RA2,0,Cmd350,1,3,100,700,5,2,10,0,0,0
2026-05-17 11:46:50,RA2,0,Cmd350,1,4,100,650,5,2,10,0,0,0
2026-05-17 13:35:09,PLC,0,Cmd101,0,0,0,0,0,0,0,0,0,0
2026-05-17 22:35:19,PLC,0,Cmd1,0,0,0,0,0,0,0,0,0,0
2026-05-17 22:35:19,PLC,0,Cmd140,0,0,0,0,0,0,0,0,0,0
2026-05-17 22:35:20,PLC,0,Cmd101,0,0,0,0,0,0,0,0,0,0
2026-05-17 22:35:22,PLC,0,Cmd141,0,0,0,0,0,0,0,0,0,0
2026-05-17 22:35:23,PLC,0,Cmd106,0,0,0,0,0,0,0,0,0,0
2026-05-17 22:35:23,PLC,0,Cmd101,0,0,0,0,0,0,0,0,0,0
2026-05-17 22:35:24,PLC,0,Cmd1,0,0,0,0,0,0,0,0,0,0
2026-05-17 22:35:25,PLC,0,Cmd302,0,0,0,0,0,0,0,0,0,0
2026-05-17 22:35:27,PLC,0,Cmd107,0,0,0,0,0,0,0,0,0,0
2026-05-17 22:35:27,RPD,0,Cmd302,0,0,0,0,0,0,0,0,0,0
2026-05-17 22:35:48,PLC,0,Cmd405,10007,0,0,0,0,0,0,0,0,0
2026-05-17 22:36:16,PLC,0,Cmd140,0,0,0,0,0,0,0,0,0,0
2026-05-18 00:37:15,PLC,0,Cmd101,0,0,0,0,0,0,0,0,0,0
2026-05-18 00:37:17,PLC,0,Cmd101,0,0,0,0,0,0,0,0,0,0
2026-05-18 00:37:19,PLC,0,Cmd101,0,0,0,0,0,0,0,0,0,0
2026-05-18 00:37:20,PLC,0,Cmd101,0,0,0,0,0,0,0,0,0,0
2026-05-18 00:37:21,PLC,0,Cmd141,0,0,0,0,0,0,0,0,0,0
2026-05-18 00:37:22,PLC,0,Cmd106,0,0,0,0,0,0,0,0,0,0
2026-05-18 00:37:22,PLC,0,Cmd101,0,0,0,0,0,0,0,0,0,0
2026-05-18 00:37:23,PLC,0,Cmd1,0,0,0,0,0,0,0,0,0,0
2026-05-18 00:37:24,PLC,0,Cmd101,0,0,0,0,0,0,0,0,0,0
2026-05-18 00:37:26,PLC,0,Cmd107,0,0,0,0,0,0,0,0,0,0
2026-05-18 00:37:26,RPD,0,Cmd302,0,0,0,0,0,0,0,0,0,0
2026-05-18 00:37:44,PLC,0,Cmd405,10001,0,0,0,0,0,0,0,0,0
2026-05-18 00:37:52,PLC,0,Cmd101,0,0,0,0,0,0,0,0,0,0
2026-05-18 00:37:53,PLC,0,Cmd314,0,0,0,0,0,0,0,0,0,0
2026-05-18 00:38:07,PLC,0,Cmd303,0,0,0,0,0,0,0,0,0,0
2026-05-18 00:38:07,PLC,0,Cmd302,0,0,0,0,0,0,0,0,0,0
2026-05-18 00:38:08,PLC,0,Cmd101,0,0,0,0,0,0,0,0,0,0
2026-05-18 00:42:07,PLC,0,Cmd102,0,0,0,0,0,0,0,0,0,0
2026-05-18 00:42:07,PLC,0,Cmd303,0,0,0,0,0,0,0,0,0,0
2026-05-18 00:43:40,PLC,0,Cmd101,0,0,0,0,0,0,0,0,0,0
2026-05-18 00:43:40,PLC,0,Cmd302,0,0,0,0,0,0,0,0,0,0
2026-05-18 00:43:41,PLC,0,Cmd303,0,0,0,0,0,0,0,0,0,0
2026-05-18 00:43:42,PLC,0,Cmd101,0,0,0,0,0,0,0,0,0,0
2026-05-18 00:43:42,PLC,0,Cmd302,0,0,0,0,0,0,0,0,0,0
2026-05-18 00:43:43,PLC,0,Cmd101,0,0,0,0,0,0,0,0,0,0
2026-05-18 00:43:44,PLC,0,Cmd107,0,0,0,0,0,0,0,0,0,0
2026-05-18 00:43:44,RPD,0,Cmd302,0,0,0,0,0,0,0,0,0,0
2026-05-18 01:04:03,PLC,0,Cmd303,0,0,0,0,0,0,0,0,0,0
2026-05-18 01:04:03,PLC,0,Cmd102,0,0,0,0,0,0,0,0,0,0
2026-05-18 01:04:04,PLC,0,Cmd101,0,0,0,0,0,0,0,0,0,0
2026-05-18 01:04:04,PLC,0,Cmd302,0,0,0,0,0,0,0,0,0,0
2026-05-18 01:04:06,PLC,0,Cmd107,0,0,0,0,0,0,0,0,0,0
2026-05-18 01:04:06,RPD,0,Cmd302,0,0,0,0,0,0,0,0,0,0
2026-05-18 01:04:17,PLC,0,Cmd405,10007,0,0,0,0,0,0,0,0,0
2026-05-18 01:05:49,PLC,0,Cmd102,0,0,0,0,0,0,0,0,0,0
2026-05-18 01:26:10,PLC,0,Cmd101,0,0,0,0,0,0,0,0,0,0
2026-05-18 01:26:13,PLC,0,Cmd107,0,0,0,0,0,0,0,0,0,0
2026-05-18 01:26:13,RPD,0,Cmd302,0,0,0,0,0,0,0,0,0,0
2026-05-18 01:26:31,PLC,0,Cmd405,10001,0,0,0,0,0,0,0,0,0
2026-05-18 01:26:39,PLC,0,Cmd101,0,0,0,0,0,0,0,0,0,0
2026-05-18 01:26:40,PLC,0,Cmd314,0,0,0,0,0,0,0,0,0,0
2026-05-18 01:27:59,PLC,0,Cmd101,0,0,0,0,0,0,0,0,0,0
2026-05-18 01:28:00,PLC,0,Cmd303,0,0,0,0,0,0,0,0,0,0
2026-05-18 01:28:00,PLC,0,Cmd302,0,0,0,0,0,0,0,0,0,0
2026-05-18 01:28:01,PLC,0,Cmd101,0,0,0,0,0,0,0,0,0,0
2026-05-18 02:14:44,PLC,0,Cmd101,0,0,0,0,0,0,0,0,0,0
2026-05-18 02:15:05,PLC,0,Cmd421,22,4,0,0,0,0,0,0,1,18280
2026-05-18 02:17:59,PLC,0,Cmd101,0,0,0,0,0,0,0,0,0,0
2026-05-18 02:17:59,PLC,0,Cmd314,0,0,0,0,0,0,0,0,0,0
2026-05-18 02:18:00,PLC,0,Cmd413,0,0,0,0,0,0,0,0,0,0
2026-05-18 02:21:32,PLC,0,Cmd405,10004,0,0,0,0,0,0,0,0,0
2026-05-18 02:21:57,PLC,0,Cmd101,0,0,0,0,0,0,0,0,0,0
2026-05-18 02:21:57,PLC,0,Cmd314,0,0,0,0,0,0,0,0,0,0
2026-05-18 02:22:06,PLC,0,Cmd421,22,4,0,0,0,0,0,0,1,18281
2026-05-18 02:22:26,PLC,0,Cmd413,0,0,0,0,0,0,0,0,0,0
2026-05-18 02:25:57,PLC,0,Cmd405,10004,0,0,0,0,0,0,0,0,0
2026-05-18 02:26:22,PLC,0,Cmd101,0,0,0,0,0,0,0,0,0,0
2026-05-18 02:26:22,PLC,0,Cmd314,0,0,0,0,0,0,0,0,0,0
2026-05-18 02:30:19,PLC,0,Cmd421,22,4,0,0,0,0,0,0,1,18282
2026-05-18 02:30:39,PLC,0,Cmd413,0,0,0,0,0,0,0,0,0,0
2026-05-18 02:34:10,PLC,0,Cmd405,10004,0,0,0,0,0,0,0,0,0
2026-05-18 02:34:35,PLC,0,Cmd101,0,0,0,0,0,0,0,0,0,0
2026-05-18 02:34:36,PLC,0,Cmd314,0,0,0,0,0,0,0,0,0,0
2026-05-18 02:35:11,PLC,0,Cmd421,22,2,0,0,0,0,0,0,1,18283
2026-05-18 02:37:01,PLC,0,Cmd101,0,0,0,0,0,0,0,0,0,0
2026-05-18 02:37:02,PLC,0,Cmd314,0,0,0,0,0,0,0,0,0,0
2026-05-18 02:37:02,PLC,0,Cmd413,0,0,0,0,0,0,0,0,0,0
2026-05-18 02:40:34,PLC,0,Cmd405,10004,0,0,0,0,0,0,0,0,0
2026-05-18 02:40:59,PLC,0,Cmd101,0,0,0,0,0,0,0,0,0,0
2026-05-18 02:40:59,PLC,0,Cmd314,0,0,0,0,0,0,0,0,0,0
2026-05-18 02:42:02,PLC,0,Cmd421,22,2,0,0,0,0,0,0,1,18284
2026-05-18 02:42:22,PLC,0,Cmd413,0,0,0,0,0,0,0,0,0,0
2026-05-18 02:45:53,PLC,0,Cmd405,10004,0,0,0,0,0,0,0,0,0
2026-05-18 02:46:19,PLC,0,Cmd101,0,0,0,0,0,0,0,0,0,0
2026-05-18 02:46:19,PLC,0,Cmd314,0,0,0,0,0,0,0,0,0,0
2026-05-18 02:48:11,PLC,0,Cmd421,22,2,0,0,0,0,0,0,1,18285
2026-05-18 02:48:31,PLC,0,Cmd413,0,0,0,0,0,0,0,0,0,0
2026-05-18 02:52:02,PLC,0,Cmd405,10004,0,0,0,0,0,0,0,0,0
2026-05-18 02:52:27,PLC,0,Cmd101,0,0,0,0,0,0,0,0,0,0
2026-05-18 02:52:28,PLC,0,Cmd314,0,0,0,0,0,0,0,0,0,0
2026-05-18 02:57:20,PLC,0,Cmd102,0,0,0,0,0,0,0,0,0,0
2026-05-18 02:57:20,PLC,0,Cmd2,0,0,0,0,0,0,0,0,0,0
2026-05-18 02:57:27,RA2,0,Cmd103,0,0,0,0,0,0,0,0,0,0
2026-05-18 02:57:32,RA2,0,Cmd421,0,999,0,0,0,1,5,0,1,0
2026-05-18 02:57:33,RA2,0,Cmd421,0,999,0,0,0,1,8,0,1,0
2026-05-18 02:57:49,PLC,0,Cmd101,0,0,0,0,0,0,0,0,0,0
2026-05-18 02:58:07,PLC,0,Cmd101,0,0,0,0,0,0,0,0,0,0
2026-05-18 02:58:21,PLC,0,Cmd1,0,0,0,0,0,0,0,0,0,0
2026-05-18 02:58:34,PLC,0,Cmd107,1,0,0,0,0,0,0,0,0,0
2026-05-18 02:58:34,RPD,0,Cmd302,0,0,0,0,0,0,0,0,0,0
2026-05-18 02:58:37,PLC,0,Cmd140,0,0,0,0,0,0,0,0,0,0
2026-05-18 05:41:17,PLC,0,Cmd141,0,0,0,0,0,0,0,0,0,0
2026-05-18 05:41:17,PLC,0,Cmd101,0,0,0,0,0,0,0,0,0,0
2026-05-18 05:41:18,PLC,0,Cmd106,0,0,0,0,0,0,0,0,0,0
2026-05-18 05:41:19,PLC,0,Cmd1,0,0,0,0,0,0,0,0,0,0
2026-05-18 05:41:19,PLC,0,Cmd101,0,0,0,0,0,0,0,0,0,0
2026-05-18 05:41:20,PLC,0,Cmd302,0,0,0,0,0,0,0,0,0,0
2026-05-18 05:41:22,PLC,0,Cmd107,0,0,0,0,0,0,0,0,0,0
2026-05-18 05:41:22,RPD,0,Cmd302,0,0,0,0,0,0,0,0,0,0
2026-05-18 05:41:22,PLC,0,Cmd101,0,0,0,0,0,0,0,0,0,0
2026-05-18 05:41:32,PLC,0,Cmd107,1,0,0,0,0,0,0,0,0,0
2026-05-18 05:41:32,RPD,0,Cmd302,0,0,0,0,0,0,0,0,0,0
2026-05-18 05:41:33,PLC,0,Cmd107,1,0,0,0,0,0,0,0,0,0
2026-05-18 05:41:33,RPD,0,Cmd302,0,0,0,0,0,0,0,0,0,0
2026-05-18 06:55:41,PLC,0,Cmd101,0,0,0,0,0,0,0,0,0,0
2026-05-18 07:02:39,PLC,0,Cmd107,1,0,0,0,0,0,0,0,0,0
2026-05-18 07:02:39,RPD,0,Cmd302,0,0,0,0,0,0,0,0,0,0
2026-05-18 07:02:51,PLC,0,Cmd101,0,0,0,0,0,0,0,0,0,0
2026-05-18 07:03:28,PLC,0,Cmd101,0,0,0,0,0,0,0,0,0,0
2026-05-18 07:03:56,PLC,0,Cmd101,0,0,0,0,0,0,0,0,0,0
2026-05-18 07:06:31,PLC,0,Cmd101,0,0,0,0,0,0,0,0,0,0
2026-05-18 07:17:05,PLC,0,Cmd107,1,0,0,0,0,0,0,0,0,0
2026-05-18 07:17:05,RPD,0,Cmd302,0,0,0,0,0,0,0,0,0,0
2026-05-18 07:21:41,PLC,0,Cmd421,21,4,8194,0,0,0,0,0,1,37
2026-05-18 07:22:12,PLC,0,Cmd101,0,0,0,0,0,0,0,0,0,0
2026-05-18 07:22:13,PLC,0,Cmd314,0,0,0,0,0,0,0,0,0,0
2026-05-18 07:22:14,PLC,0,Cmd413,0,0,0,0,0,0,0,0,0,0
2026-05-18 07:26:34,PLC,0,Cmd405,10004,0,0,0,0,0,0,0,0,0
2026-05-18 07:26:59,PLC,0,Cmd101,0,0,0,0,0,0,0,0,0,0
2026-05-18 07:26:59,PLC,0,Cmd314,0,0,0,0,0,0,0,0,0,0
2026-05-18 07:55:02,RPD,0,Cmd421,0,999,0,0,0,1,8,0,1,0
2026-05-18 07:55:21,PLC,0,Cmd101,0,0,0,0,0,0,0,0,0,0
2026-05-18 07:55:22,PLC,0,Cmd314,0,0,0,0,0,0,0,0,0,0
2026-05-18 08:39:16,PLC,0,Cmd101,0,0,0,0,0,0,0,0,0,0
2026-05-18 08:39:33,PLC,0,Cmd421,61,4,24640,0,0,0,0,0,1,237
2026-05-18 08:40:03,PLC,0,Cmd101,0,0,0,0,0,0,0,0,0,0
2026-05-18 08:40:04,PLC,0,Cmd314,0,0,0,0,0,0,0,0,0,0
2026-05-18 08:40:05,PLC,0,Cmd413,0,0,0,0,0,0,0,0,0,0
2026-05-18 08:41:54,PLC,0,Cmd405,10004,0,0,0,0,0,0,0,0,0
2026-05-18 08:42:19,PLC,0,Cmd101,0,0,0,0,0,0,0,0,0,0
2026-05-18 08:42:19,PLC,0,Cmd314,0,0,0,0,0,0,0,0,0,0
2026-05-18 08:42:28,PLC,0,Cmd421,21,4,8194,0,0,0,0,0,1,105
2026-05-18 08:42:33,PLC,0,Cmd413,0,0,0,0,0,0,0,0,0,0
2026-05-18 08:44:20,PLC,0,Cmd102,0,0,0,0,0,0,0,0,0,0
2026-05-18 08:44:37,PLC,0,Cmd101,0,0,0,0,0,0,0,0,0,0
2026-05-18 08:44:38,PLC,0,Cmd107,0,0,0,0,0,0,0,0,0,0
2026-05-18 08:44:38,RPD,0,Cmd302,0,0,0,0,0,0,0,0,0,0
2026-05-18 08:44:39,PLC,0,Cmd101,0,0,0,0,0,0,0,0,0,0
2026-05-18 08:44:50,PLC,0,Cmd102,0,0,0,0,0,0,0,0,0,0
2026-05-18 08:45:00,PLC,0,Cmd101,0,0,0,0,0,0,0,0,0,0
2026-05-18 08:45:02,PLC,0,Cmd107,0,0,0,0,0,0,0,0,0,0
2026-05-18 08:45:02,RPD,0,Cmd302,0,0,0,0,0,0,0,0,0,0
2026-05-18 08:45:02,PLC,0,Cmd101,0,0,0,0,0,0,0,0,0,0
2026-05-18 08:47:26,PLC,0,Cmd405,10004,0,0,0,0,0,0,0,0,0
2026-05-18 08:47:51,PLC,0,Cmd101,0,0,0,0,0,0,0,0,0,0
2026-05-18 08:47:52,PLC,0,Cmd314,0,0,0,0,0,0,0,0,0,0
2026-05-18 08:48:00,PLC,0,Cmd421,21,4,8194,0,0,0,0,0,1,20
2026-05-18 08:48:06,PLC,0,Cmd413,0,0,0,0,0,0,0,0,0,0
2026-05-18 08:52:25,PLC,0,Cmd405,10004,0,0,0,0,0,0,0,0,0
2026-05-18 08:52:50,PLC,0,Cmd101,0,0,0,0,0,0,0,0,0,0
2026-05-18 08:52:51,PLC,0,Cmd314,0,0,0,0,0,0,0,0,0,0
2026-05-18 08:53:05,PLC,0,Cmd421,21,4,8194,0,0,0,0,0,1,61
2026-05-18 08:53:09,PLC,0,Cmd413,0,0,0,0,0,0,0,0,0,0
2026-05-18 08:57:28,PLC,0,Cmd405,10004,0,0,0,0,0,0,0,0,0
2026-05-18 08:57:53,PLC,0,Cmd101,0,0,0,0,0,0,0,0,0,0
2026-05-18 08:57:53,PLC,0,Cmd314,0,0,0,0,0,0,0,0,0,0
2026-05-18 09:05:36,PLC,0,Cmd421,50,4,8193,0,0,0,0,0,1,48
2026-05-18 09:05:40,PLC,0,Cmd413,0,0,0,0,0,0,0,0,0,0
2026-05-18 09:08:51,PLC,0,Cmd405,10004,0,0,0,0,0,0,0,0,0
2026-05-18 09:09:16,PLC,0,Cmd101,0,0,0,0,0,0,0,0,0,0
2026-05-18 09:09:17,PLC,0,Cmd314,0,0,0,0,0,0,0,0,0,0
2026-05-18 09:26:08,PLC,0,Cmd101,0,0,0,0,0,0,0,0,0,0
2026-05-18 09:26:09,PLC,0,Cmd101,0,0,0,0,0,0,0,0,0,0
2026-05-18 09:26:24,PLC,0,Cmd107,1,0,0,0,0,0,0,0,0,0
2026-05-18 09:26:24,RPD,0,Cmd302,0,0,0,0,0,0,0,0,0,0
2026-05-18 09:26:27,PLC,0,Cmd101,0,0,0,0,0,0,0,0,0,0
2026-05-18 09:34:35,PLC,0,Cmd421,21,4,8194,0,0,0,0,0,1,153
2026-05-18 09:34:39,PLC,0,Cmd413,0,0,0,0,0,0,0,0,0,0
2026-05-18 09:38:58,PLC,0,Cmd405,10004,0,0,0,0,0,0,0,0,0
2026-05-18 09:39:23,PLC,0,Cmd101,0,0,0,0,0,0,0,0,0,0
2026-05-18 09:39:24,PLC,0,Cmd314,0,0,0,0,0,0,0,0,0,0
2026-05-18 09:39:33,PLC,0,Cmd421,21,4,8194,0,0,0,0,0,1,244
2026-05-18 09:39:38,PLC,0,Cmd413,0,0,0,0,0,0,0,0,0,0
2026-05-18 09:43:57,PLC,0,Cmd405,10004,0,0,0,0,0,0,0,0,0
2026-05-18 09:44:22,PLC,0,Cmd101,0,0,0,0,0,0,0,0,0,0
2026-05-18 09:44:22,PLC,0,Cmd314,0,0,0,0,0,0,0,0,0,0
2026-05-18 09:44:32,PLC,0,Cmd421,21,10,41024,340,0,0,0,0,1,144
2026-05-18 09:45:16,PLC,0,Cmd101,0,0,0,0,0,0,0,0,0,0
2026-05-18 09:45:17,PLC,0,Cmd314,0,0,0,0,0,0,0,0,0,0
2026-05-18 09:45:18,PLC,0,Cmd413,0,0,0,0,0,0,0,0,0,0
2026-05-18 09:45:32,PLC,0,Cmd102,0,0,0,0,0,0,0,0,0,0
2026-05-18 09:45:48,PLC,0,Cmd101,0,0,0,0,0,0,0,0,0,0
2026-05-18 09:45:49,PLC,0,Cmd107,0,0,0,0,0,0,0,0,0,0
2026-05-18 09:45:49,RPD,0,Cmd302,0,0,0,0,0,0,0,0,0,0
2026-05-18 09:45:50,PLC,0,Cmd101,0,0,0,0,0,0,0,0,0,0
2026-05-18 09:48:13,PLC,0,Cmd405,10004,0,0,0,0,0,0,0,0,0
2026-05-18 09:48:38,PLC,0,Cmd101,0,0,0,0,0,0,0,0,0,0
2026-05-18 09:48:39,PLC,0,Cmd314,0,0,0,0,0,0,0,0,0,0
2026-05-18 09:48:51,PLC,0,Cmd421,50,2,40962,99,0,0,0,0,1,82
2026-05-18 09:49:37,PLC,0,Cmd101,0,0,0,0,0,0,0,0,0,0
2026-05-18 09:49:38,PLC,0,Cmd314,0,0,0,0,0,0,0,0,0,0
2026-05-18 09:49:38,PLC,0,Cmd413,0,0,0,0,0,0,0,0,0,0
2026-05-18 09:54:29,PLC,0,Cmd405,10004,0,0,0,0,0,0,0,0,0
2026-05-18 09:54:54,PLC,0,Cmd101,0,0,0,0,0,0,0,0,0,0
2026-05-18 09:54:55,PLC,0,Cmd314,0,0,0,0,0,0,0,0,0,0
2026-05-18 09:57:14,PLC,0,Cmd421,21,10,8256,0,0,0,0,0,1,232
2026-05-18 09:57:58,PLC,0,Cmd101,0,0,0,0,0,0,0,0,0,0
2026-05-18 09:57:59,PLC,0,Cmd314,0,0,0,0,0,0,0,0,0,0
2026-05-18 09:57:59,PLC,0,Cmd413,0,0,0,0,0,0,0,0,0,0
2026-05-18 10:02:19,PLC,0,Cmd405,10004,0,0,0,0,0,0,0,0,0
2026-05-18 10:02:43,PLC,0,Cmd101,0,0,0,0,0,0,0,0,0,0
2026-05-18 10:02:44,PLC,0,Cmd314,0,0,0,0,0,0,0,0,0,0
2026-05-18 10:04:29,PLC,0,Cmd421,61,4,24640,0,0,0,0,0,1,210
2026-05-18 10:05:13,PLC,0,Cmd101,0,0,0,0,0,0,0,0,0,0
2026-05-18 10:05:14,PLC,0,Cmd314,0,0,0,0,0,0,0,0,0,0
2026-05-18 10:05:15,PLC,0,Cmd413,0,0,0,0,0,0,0,0,0,0
2026-05-18 10:07:03,PLC,0,Cmd405,10004,0,0,0,0,0,0,0,0,0
2026-05-18 10:07:28,PLC,0,Cmd101,0,0,0,0,0,0,0,0,0,0
2026-05-18 10:07:29,PLC,0,Cmd314,0,0,0,0,0,0,0,0,0,0
2026-05-18 10:36:30,RPD,0,Cmd421,0,999,0,0,0,1,8,0,1,0
2026-05-18 10:36:48,PLC,0,Cmd101,0,0,0,0,0,0,0,0,0,0
2026-05-18 10:36:49,PLC,0,Cmd314,0,0,0,0,0,0,0,0,0,0
2026-05-18 10:44:19,PLC,0,Cmd421,50,4,8193,0,0,0,0,0,1,24
2026-05-18 10:44:49,PLC,0,Cmd101,0,0,0,0,0,0,0,0,0,0
2026-05-18 10:44:50,PLC,0,Cmd314,0,0,0,0,0,0,0,0,0,0
2026-05-18 10:44:51,PLC,0,Cmd413,0,0,0,0,0,0,0,0,0,0
2026-05-18 10:48:01,PLC,0,Cmd405,10004,0,0,0,0,0,0,0,0,0
2026-05-18 10:48:26,PLC,0,Cmd101,0,0,0,0,0,0,0,0,0,0
2026-05-18 10:48:27,PLC,0,Cmd314,0,0,0,0,0,0,0,0,0,0
2026-05-18 10:53:14,PLC,0,Cmd102,0,0,0,0,0,0,0,0,0,0
2026-05-18 10:53:14,PLC,0,Cmd140,0,0,0,0,0,0,0,0,0,0
2026-05-18 10:53:33,PLC,0,Cmd141,0,0,0,0,0,0,0,0,0,0
2026-05-18 10:53:34,PLC,0,Cmd106,0,0,0,0,0,0,0,0,0,0
2026-05-18 10:53:35,PLC,0,Cmd1,0,0,0,0,0,0,0,0,0,0
2026-05-18 10:53:35,PLC,0,Cmd101,0,0,0,0,0,0,0,0,0,0
2026-05-18 10:53:35,PLC,0,Cmd302,0,0,0,0,0,0,0,0,0,0
2026-05-18 10:53:36,PLC,0,Cmd101,0,0,0,0,0,0,0,0,0,0
2026-05-18 10:53:38,PLC,0,Cmd107,0,0,0,0,0,0,0,0,0,0
2026-05-18 10:53:38,RPD,0,Cmd302,0,0,0,0,0,0,0,0,0,0
2026-05-18 10:53:39,PLC,0,Cmd101,0,0,0,0,0,0,0,0,0,0
2026-05-18 10:53:40,PLC,0,Cmd101,0,0,0,0,0,0,0,0,0,0
2026-05-18 10:53:42,PLC,0,Cmd101,0,0,0,0,0,0,0,0,0,0
2026-05-18 10:53:44,PLC,0,Cmd101,0,0,0,0,0,0,0,0,0,0
2026-05-18 11:08:33,PLC,0,Cmd421,50,2,8200,0,0,0,0,0,1,33
2026-05-18 11:09:19,PLC,0,Cmd101,0,0,0,0,0,0,0,0,0,0
2026-05-18 11:09:19,PLC,0,Cmd314,0,0,0,0,0,0,0,0,0,0
2026-05-18 11:09:20,PLC,0,Cmd413,0,0,0,0,0,0,0,0,0,0
2026-05-18 11:13:19,PLC,0,Cmd405,10004,0,0,0,0,0,0,0,0,0
2026-05-18 11:13:44,PLC,0,Cmd101,0,0,0,0,0,0,0,0,0,0
2026-05-18 11:13:45,PLC,0,Cmd314,0,0,0,0,0,0,0,0,0,0
2026-05-18 11:41:17,PLC,0,Cmd101,0,0,0,0,0,0,0,0,0,0
2026-05-18 11:41:30,PLC,0,Cmd101,0,0,0,0,0,0,0,0,0,0
2026-05-18 11:41:32,PLC,0,Cmd101,0,0,0,0,0,0,0,0,0,0
2026-05-18 11:42:16,RPD,0,Cmd421,0,999,0,0,0,1,5,0,1,0
2026-05-18 11:42:34,PLC,0,Cmd101,0,0,0,0,0,0,0,0,0,0
2026-05-18 11:42:35,PLC,0,Cmd314,0,0,0,0,0,0,0,0,0,0
2026-05-18 11:42:40,PLC,0,Cmd101,0,0,0,0,0,0,0,0,0,0
2026-05-18 12:00:44,PLC,0,Cmd421,21,4,8194,0,0,0,0,0,1,57
2026-05-18 12:01:15,PLC,0,Cmd101,0,0,0,0,0,0,0,0,0,0
2026-05-18 12:01:15,PLC,0,Cmd314,0,0,0,0,0,0,0,0,0,0
2026-05-18 12:01:16,PLC,0,Cmd413,0,0,0,0,0,0,0,0,0,0
2026-05-18 12:05:35,PLC,0,Cmd405,10004,0,0,0,0,0,0,0,0,0
2026-05-18 12:06:00,PLC,0,Cmd101,0,0,0,0,0,0,0,0,0,0
2026-05-18 12:06:01,PLC,0,Cmd314,0,0,0,0,0,0,0,0,0,0
2026-05-18 12:07:00,PLC,0,Cmd421,50,2,8194,0,0,0,0,0,1,52
2026-05-18 12:07:45,PLC,0,Cmd101,0,0,0,0,0,0,0,0,0,0
2026-05-18 12:07:46,PLC,0,Cmd314,0,0,0,0,0,0,0,0,0,0
2026-05-18 12:07:47,PLC,0,Cmd413,0,0,0,0,0,0,0,0,0,0
2026-05-18 12:11:46,PLC,0,Cmd405,10004,0,0,0,0,0,0,0,0,0
2026-05-18 12:12:11,PLC,0,Cmd101,0,0,0,0,0,0,0,0,0,0
2026-05-18 12:12:11,PLC,0,Cmd314,0,0,0,0,0,0,0,0,0,0
2026-05-18 12:13:18,PLC,0,Cmd421,21,10,8194,0,0,0,0,0,1,149
2026-05-18 12:14:02,PLC,0,Cmd101,0,0,0,0,0,0,0,0,0,0
2026-05-18 12:14:03,PLC,0,Cmd314,0,0,0,0,0,0,0,0,0,0
2026-05-18 12:14:03,PLC,0,Cmd413,0,0,0,0,0,0,0,0,0,0
2026-05-18 12:25:40,PLC,0,Cmd421,39,4,24640,0,0,0,0,0,1,219
2026-05-18 12:26:25,PLC,0,Cmd101,0,0,0,0,0,0,0,0,0,0
2026-05-18 12:26:26,PLC,0,Cmd314,0,0,0,0,0,0,0,0,0,0
2026-05-18 12:26:26,PLC,0,Cmd413,0,0,0,0,0,0,0,0,0,0
2026-05-18 12:29:23,PLC,0,Cmd405,10004,0,0,0,0,0,0,0,0,0
2026-05-18 12:29:48,PLC,0,Cmd101,0,0,0,0,0,0,0,0,0,0
2026-05-18 12:29:49,PLC,0,Cmd314,0,0,0,0,0,0,0,0,0,0
2026-05-18 12:53:59,PLC,0,Cmd421,21,10,41024,340,0,0,0,0,1,144
2026-05-18 12:54:44,PLC,0,Cmd101,0,0,0,0,0,0,0,0,0,0
2026-05-18 12:54:45,PLC,0,Cmd314,0,0,0,0,0,0,0,0,0,0
2026-05-18 12:54:45,PLC,0,Cmd413,0,0,0,0,0,0,0,0,0,0
2026-05-18 12:55:00,PLC,0,Cmd102,0,0,0,0,0,0,0,0,0,0
2026-05-18 12:55:08,PLC,0,Cmd101,0,0,0,0,0,0,0,0,0,0
2026-05-18 12:55:10,PLC,0,Cmd107,0,0,0,0,0,0,0,0,0,0
2026-05-18 12:55:10,RPD,0,Cmd302,0,0,0,0,0,0,0,0,0,0
2026-05-18 12:55:10,PLC,0,Cmd101,0,0,0,0,0,0,0,0,0,0
2026-05-18 12:57:34,PLC,0,Cmd405,10004,0,0,0,0,0,0,0,0,0
2026-05-18 12:57:59,PLC,0,Cmd101,0,0,0,0,0,0,0,0,0,0
2026-05-18 12:57:59,PLC,0,Cmd314,0,0,0,0,0,0,0,0,0,0
2026-05-18 13:25:16,RPD,0,Cmd421,0,999,0,0,0,1,8,0,1,0
2026-05-18 13:25:35,PLC,0,Cmd101,0,0,0,0,0,0,0,0,0,0
2026-05-18 13:25:35,PLC,0,Cmd314,0,0,0,0,0,0,0,0,0,0
2026-05-18 13:31:46,PLC,0,Cmd421,21,4,8194,0,0,0,0,0,1,163
2026-05-18 13:32:17,PLC,0,Cmd101,0,0,0,0,0,0,0,0,0,0
2026-05-18 13:32:18,PLC,0,Cmd314,0,0,0,0,0,0,0,0,0,0
2026-05-18 13:32:18,PLC,0,Cmd413,0,0,0,0,0,0,0,0,0,0
2026-05-18 13:36:38,PLC,0,Cmd405,10004,0,0,0,0,0,0,0,0,0
2026-05-18 13:37:03,PLC,0,Cmd101,0,0,0,0,0,0,0,0,0,0
2026-05-18 13:37:04,PLC,0,Cmd314,0,0,0,0,0,0,0,0,0,0
2026-05-18 13:41:51,PLC,0,Cmd303,0,0,0,0,0,0,0,0,0,0
2026-05-18 13:41:51,PLC,0,Cmd102,0,0,0,0,0,0,0,0,0,0
2026-05-18 13:41:52,PLC,0,Cmd101,0,0,0,0,0,0,0,0,0,0
2026-05-18 13:41:52,PLC,0,Cmd302,0,0,0,0,0,0,0,0,0,0
2026-05-18 13:41:53,PLC,0,Cmd107,0,0,0,0,0,0,0,0,0,0
2026-05-18 13:41:53,RPD,0,Cmd302,0,0,0,0,0,0,0,0,0,0
2026-05-18 13:42:04,PLC,0,Cmd101,0,0,0,0,0,0,0,0,0,0
2026-05-18 13:42:31,PLC,0,Cmd405,10014,0,0,0,0,0,0,0,0,0
2026-05-18 13:42:37,RPD,0,Cmd200,999,1,8,0,0,0,0,0,0,0
2026-05-18 13:42:38,RPD,0,Cmd201,0,0,0,0,0,0,0,0,0,0
2026-05-18 13:42:53,PLC,0,Cmd101,0,0,0,0,0,0,0,0,0,0
2026-05-18 13:42:53,PLC,0,Cmd314,0,0,0,0,0,0,0,0,0,0
2026-05-18 13:43:18,PLC,0,Cmd405,10007,0,0,0,0,0,0,0,0,0
2026-05-18 13:43:47,PLC,0,Cmd102,0,0,0,0,0,0,0,0,0,0
2026-05-18 13:43:48,PLC,0,Cmd140,0,0,0,0,0,0,0,0,0,0
2026-05-18 13:58:13,PLC,0,Cmd141,0,0,0,0,0,0,0,0,0,0
2026-05-18 13:58:13,PLC,0,Cmd106,0,0,0,0,0,0,0,0,0,0
2026-05-18 13:58:14,PLC,0,Cmd1,0,0,0,0,0,0,0,0,0,0
2026-05-18 13:58:15,PLC,0,Cmd101,0,0,0,0,0,0,0,0,0,0
2026-05-18 13:58:15,PLC,0,Cmd302,0,0,0,0,0,0,0,0,0,0
2026-05-18 13:58:17,PLC,0,Cmd107,0,0,0,0,0,0,0,0,0,0
2026-05-18 13:58:17,RPD,0,Cmd302,0,0,0,0,0,0,0,0,0,0
2026-05-18 13:58:57,PLC,0,Cmd405,10001,0,0,0,0,0,0,0,0,0
2026-05-18 13:59:05,PLC,0,Cmd101,0,0,0,0,0,0,0,0,0,0
2026-05-18 13:59:06,PLC,0,Cmd314,0,0,0,0,0,0,0,0,0,0
2026-05-18 13:59:11,PLC,0,Cmd405,10004,0,0,0,0,0,0,0,0,0
2026-05-18 13:59:36,PLC,0,Cmd101,0,0,0,0,0,0,0,0,0,0
2026-05-18 13:59:37,PLC,0,Cmd314,0,0,0,0,0,0,0,0,0,0
2026-05-18 13:59:39,PLC,0,Cmd303,0,0,0,0,0,0,0,0,0,0
2026-05-18 13:59:40,PLC,0,Cmd302,0,0,0,0,0,0,0,0,0,0
2026-05-18 13:59:41,PLC,0,Cmd101,0,0,0,0,0,0,0,0,0,0
2026-05-18 13:59:48,PLC,0,Cmd101,0,0,0,0,0,0,0,0,0,0
2026-05-18 14:40:11,PLC,0,Cmd421,21,10,8256,0,0,0,0,0,1,232
2026-05-18 14:40:42,PLC,0,Cmd101,0,0,0,0,0,0,0,0,0,0
2026-05-18 14:40:43,PLC,0,Cmd314,0,0,0,0,0,0,0,0,0,0
2026-05-18 14:40:43,PLC,0,Cmd413,0,0,0,0,0,0,0,0,0,0
2026-05-18 14:45:03,PLC,0,Cmd405,10004,0,0,0,0,0,0,0,0,0
2026-05-18 14:45:28,PLC,0,Cmd101,0,0,0,0,0,0,0,0,0,0
2026-05-18 14:45:28,PLC,0,Cmd314,0,0,0,0,0,0,0,0,0,0
2026-05-18 14:57:49,PLC,0,Cmd102,0,0,0,0,0,0,0,0,0,0
2026-05-18 14:57:50,PLC,0,Cmd140,0,0,0,0,0,0,0,0,0,0
2026-05-18 15:01:21,PLC,0,Cmd141,0,0,0,0,0,0,0,0,0,0
2026-05-18 15:01:21,PLC,0,Cmd101,0,0,0,0,0,0,0,0,0,0
2026-05-18 15:01:21,PLC,0,Cmd106,0,0,0,0,0,0,0,0,0,0
2026-05-18 15:01:22,PLC,0,Cmd1,0,0,0,0,0,0,0,0,0,0
2026-05-18 15:01:23,PLC,0,Cmd302,0,0,0,0,0,0,0,0,0,0
2026-05-18 15:01:25,PLC,0,Cmd101,0,0,0,0,0,0,0,0,0,0
2026-05-18 15:01:28,PLC,0,Cmd107,0,0,0,0,0,0,0,0,0,0
2026-05-18 15:01:28,RPD,0,Cmd302,0,0,0,0,0,0,0,0,0,0
2026-05-18 15:01:30,PLC,0,Cmd101,0,0,0,0,0,0,0,0,0,0
2026-05-18 15:01:31,PLC,0,Cmd101,0,0,0,0,0,0,0,0,0,0
2026-05-18 15:03:38,PLC,0,Cmd421,50,4,8193,0,0,0,0,0,1,49
2026-05-18 15:04:23,PLC,0,Cmd101,0,0,0,0,0,0,0,0,0,0
2026-05-18 15:04:23,PLC,0,Cmd314,0,0,0,0,0,0,0,0,0,0
2026-05-18 15:04:24,PLC,0,Cmd413,0,0,0,0,0,0,0,0,0,0
2026-05-18 15:07:34,PLC,0,Cmd405,10004,0,0,0,0,0,0,0,0,0
2026-05-18 15:07:59,PLC,0,Cmd101,0,0,0,0,0,0,0,0,0,0
2026-05-18 15:08:00,PLC,0,Cmd314,0,0,0,0,0,0,0,0,0,0
2026-05-18 15:34:15,PLC,0,Cmd421,21,10,8194,0,0,0,0,0,1,51
2026-05-18 15:35:00,PLC,0,Cmd101,0,0,0,0,0,0,0,0,0,0
2026-05-18 15:35:01,PLC,0,Cmd314,0,0,0,0,0,0,0,0,0,0
2026-05-18 15:35:01,PLC,0,Cmd413,0,0,0,0,0,0,0,0,0,0
2026-05-18 15:39:21,PLC,0,Cmd405,10004,0,0,0,0,0,0,0,0,0
2026-05-18 15:39:46,PLC,0,Cmd101,0,0,0,0,0,0,0,0,0,0
2026-05-18 15:39:47,PLC,0,Cmd314,0,0,0,0,0,0,0,0,0,0
2026-05-18 15:40:32,PLC,0,Cmd421,39,2,28736,0,0,0,0,0,1,171
2026-05-18 15:41:18,PLC,0,Cmd101,0,0,0,0,0,0,0,0,0,0
2026-05-18 15:41:19,PLC,0,Cmd314,0,0,0,0,0,0,0,0,0,0
2026-05-18 15:41:19,PLC,0,Cmd413,0,0,0,0,0,0,0,0,0,0
2026-05-18 15:46:49,PLC,0,Cmd421,21,2,8193,0,0,0,0,0,1,5
2026-05-18 15:46:53,PLC,0,Cmd413,0,0,0,0,0,0,0,0,0,0
2026-05-18 15:51:12,PLC,0,Cmd405,10004,0,0,0,0,0,0,0,0,0
2026-05-18 15:51:37,PLC,0,Cmd101,0,0,0,0,0,0,0,0,0,0
2026-05-18 15:51:38,PLC,0,Cmd314,0,0,0,0,0,0,0,0,0,0
2026-05-18 15:53:14,PLC,0,Cmd421,50,2,8194,0,0,0,0,0,1,4
2026-05-18 15:53:18,PLC,0,Cmd413,0,0,0,0,0,0,0,0,0,0
2026-05-18 15:59:30,PLC,0,Cmd421,21,4,8194,0,0,0,0,0,1,37
2026-05-18 16:00:14,PLC,0,Cmd101,0,0,0,0,0,0,0,0,0,0
2026-05-18 16:00:14,PLC,0,Cmd314,0,0,0,0,0,0,0,0,0,0
2026-05-18 16:00:15,PLC,0,Cmd413,0,0,0,0,0,0,0,0,0,0
2026-05-18 16:04:34,PLC,0,Cmd405,10004,0,0,0,0,0,0,0,0,0
2026-05-18 16:04:59,PLC,0,Cmd101,0,0,0,0,0,0,0,0,0,0
2026-05-18 16:05:00,PLC,0,Cmd314,0,0,0,0,0,0,0,0,0,0
2026-05-18 16:05:42,PLC,0,Cmd421,21,3,45120,1,0,0,0,0,1,212
2026-05-18 16:06:28,PLC,0,Cmd101,0,0,0,0,0,0,0,0,0,0
2026-05-18 16:06:28,PLC,0,Cmd314,0,0,0,0,0,0,0,0,0,0
2026-05-18 16:06:29,PLC,0,Cmd413,0,0,0,0,0,0,0,0,0,0
2026-05-18 16:07:57,PLC,0,Cmd405,10004,0,0,0,0,0,0,0,0,0
2026-05-18 16:08:22,PLC,0,Cmd101,0,0,0,0,0,0,0,0,0,0
2026-05-18 16:08:23,PLC,0,Cmd314,0,0,0,0,0,0,0,0,0,0
2026-05-18 16:13:28,PLC,0,Cmd421,21,4,8256,0,0,0,0,0,1,219
2026-05-18 16:14:12,PLC,0,Cmd101,0,0,0,0,0,0,0,0,0,0
2026-05-18 16:14:12,PLC,0,Cmd314,0,0,0,0,0,0,0,0,0,0
2026-05-18 16:14:13,PLC,0,Cmd413,0,0,0,0,0,0,0,0,0,0
2026-05-18 16:18:33,PLC,0,Cmd405,10004,0,0,0,0,0,0,0,0,0
2026-05-18 16:18:58,PLC,0,Cmd101,0,0,0,0,0,0,0,0,0,0
2026-05-18 16:18:58,PLC,0,Cmd314,0,0,0,0,0,0,0,0,0,0
2026-05-18 16:26:00,PLC,0,Cmd421,50,2,40962,34,0,0,0,0,1,82
2026-05-18 16:26:46,PLC,0,Cmd101,0,0,0,0,0,0,0,0,0,0
2026-05-18 16:26:46,PLC,0,Cmd314,0,0,0,0,0,0,0,0,0,0
2026-05-18 16:26:47,PLC,0,Cmd413,0,0,0,0,0,0,0,0,0,0
2026-05-18 16:29:42,PLC,0,Cmd405,10004,0,0,0,0,0,0,0,0,0
2026-05-18 16:30:07,PLC,0,Cmd101,0,0,0,0,0,0,0,0,0,0
2026-05-18 16:30:08,PLC,0,Cmd314,0,0,0,0,0,0,0,0,0,0
2026-05-18 16:42:46,PLC,0,Cmd421,39,4,24640,0,0,0,0,0,1,133
2026-05-18 16:43:30,PLC,0,Cmd101,0,0,0,0,0,0,0,0,0,0
2026-05-18 16:43:30,PLC,0,Cmd314,0,0,0,0,0,0,0,0,0,0
2026-05-18 16:43:31,PLC,0,Cmd413,0,0,0,0,0,0,0,0,0,0
2026-05-18 16:46:28,PLC,0,Cmd405,10004,0,0,0,0,0,0,0,0,0
2026-05-18 16:46:53,PLC,0,Cmd101,0,0,0,0,0,0,0,0,0,0
2026-05-18 16:46:54,PLC,0,Cmd314,0,0,0,0,0,0,0,0,0,0
2026-05-18 16:51:37,PLC,0,Cmd101,0,0,0,0,0,0,0,0,0,0
2026-05-18 17:15:24,RPD,0,Cmd421,0,999,0,0,0,1,8,0,1,0
2026-05-18 17:15:43,PLC,0,Cmd101,0,0,0,0,0,0,0,0,0,0
2026-05-18 17:15:43,PLC,0,Cmd314,0,0,0,0,0,0,0,0,0,0
2026-05-18 17:18:33,PLC,0,Cmd421,21,4,8194,0,0,0,0,0,1,85
2026-05-18 17:19:04,PLC,0,Cmd101,0,0,0,0,0,0,0,0,0,0
2026-05-18 17:19:04,PLC,0,Cmd314,0,0,0,0,0,0,0,0,0,0
2026-05-18 17:19:05,PLC,0,Cmd413,0,0,0,0,0,0,0,0,0,0
2026-05-18 17:23:24,PLC,0,Cmd405,10004,0,0,0,0,0,0,0,0,0
2026-05-18 17:23:49,PLC,0,Cmd101,0,0,0,0,0,0,0,0,0,0
2026-05-18 17:23:50,PLC,0,Cmd314,0,0,0,0,0,0,0,0,0,0
2026-05-18 17:51:54,RPD,0,Cmd421,0,999,0,0,0,1,8,0,1,0
2026-05-18 17:52:13,PLC,0,Cmd101,0,0,0,0,0,0,0,0,0,0
2026-05-18 17:52:14,PLC,0,Cmd314,0,0,0,0,0,0,0,0,0,0
2026-05-18 18:03:36,PLC,0,Cmd421,50,4,8194,0,0,0,0,0,1,139
2026-05-18 18:04:07,PLC,0,Cmd101,0,0,0,0,0,0,0,0,0,0
2026-05-18 18:04:07,PLC,0,Cmd314,0,0,0,0,0,0,0,0,0,0
2026-05-18 18:04:08,PLC,0,Cmd413,0,0,0,0,0,0,0,0,0,0
2026-05-18 18:09:53,PLC,0,Cmd421,39,10,24640,0,0,0,0,0,1,150
2026-05-18 18:10:38,PLC,0,Cmd101,0,0,0,0,0,0,0,0,0,0
2026-05-18 18:10:38,PLC,0,Cmd314,0,0,0,0,0,0,0,0,0,0
2026-05-18 18:10:39,PLC,0,Cmd413,0,0,0,0,0,0,0,0,0,0
2026-05-18 18:12:01,PLC,0,Cmd102,0,0,0,0,0,0,0,0,0,0
2026-05-18 18:12:29,PLC,0,Cmd101,0,0,0,0,0,0,0,0,0,0
2026-05-18 18:12:30,PLC,0,Cmd101,0,0,0,0,0,0,0,0,0,0
2026-05-18 18:12:32,PLC,0,Cmd107,0,0,0,0,0,0,0,0,0,0
2026-05-18 18:12:32,RPD,0,Cmd302,0,0,0,0,0,0,0,0,0,0
2026-05-18 18:12:33,PLC,0,Cmd101,0,0,0,0,0,0,0,0,0,0
2026-05-18 18:14:10,PLC,0,Cmd405,10004,0,0,0,0,0,0,0,0,0
2026-05-18 18:14:34,PLC,0,Cmd101,0,0,0,0,0,0,0,0,0,0
2026-05-18 18:14:35,PLC,0,Cmd314,0,0,0,0,0,0,0,0,0,0
2026-05-18 18:22:26,PLC,0,Cmd421,50,2,40968,131,0,0,0,0,1,33
2026-05-18 18:23:12,PLC,0,Cmd101,0,0,0,0,0,0,0,0,0,0
2026-05-18 18:23:12,PLC,0,Cmd314,0,0,0,0,0,0,0,0,0,0
2026-05-18 18:23:13,PLC,0,Cmd413,0,0,0,0,0,0,0,0,0,0
2026-05-18 18:27:01,PLC,0,Cmd405,10004,0,0,0,0,0,0,0,0,0
2026-05-18 18:27:26,PLC,0,Cmd101,0,0,0,0,0,0,0,0,0,0
2026-05-18 18:27:26,PLC,0,Cmd314,0,0,0,0,0,0,0,0,0,0
2026-05-18 18:30:12,PLC,0,Cmd421,21,4,8194,0,0,0,0,0,1,163
2026-05-18 18:30:56,PLC,0,Cmd101,0,0,0,0,0,0,0,0,0,0
2026-05-18 18:30:57,PLC,0,Cmd314,0,0,0,0,0,0,0,0,0,0
2026-05-18 18:32:38,PLC,0,Cmd413,0,0,0,0,0,0,0,0,0,0
2026-05-18 18:36:57,PLC,0,Cmd405,10004,0,0,0,0,0,0,0,0,0
2026-05-18 18:37:22,PLC,0,Cmd101,0,0,0,0,0,0,0,0,0,0
2026-05-18 18:37:22,PLC,0,Cmd314,0,0,0,0,0,0,0,0,0,0
2026-05-18 18:37:31,PLC,0,Cmd421,21,4,8194,0,0,0,0,0,1,29
2026-05-18 18:37:36,PLC,0,Cmd413,0,0,0,0,0,0,0,0,0,0
2026-05-18 18:41:55,PLC,0,Cmd405,10004,0,0,0,0,0,0,0,0,0
2026-05-18 18:42:20,PLC,0,Cmd101,0,0,0,0,0,0,0,0,0,0
2026-05-18 18:42:21,PLC,0,Cmd314,0,0,0,0,0,0,0,0,0,0
2026-05-18 18:46:07,PLC,0,Cmd421,21,2,8194,0,0,0,0,0,1,218
2026-05-18 18:46:53,PLC,0,Cmd101,0,0,0,0,0,0,0,0,0,0
2026-05-18 18:46:53,PLC,0,Cmd314,0,0,0,0,0,0,0,0,0,0
2026-05-18 18:47:05,PLC,0,Cmd413,0,0,0,0,0,0,0,0,0,0
2026-05-18 18:51:25,PLC,0,Cmd405,10004,0,0,0,0,0,0,0,0,0
2026-05-18 18:51:50,PLC,0,Cmd101,0,0,0,0,0,0,0,0,0,0
2026-05-18 18:51:50,PLC,0,Cmd314,0,0,0,0,0,0,0,0,0,0
2026-05-18 19:07:06,PLC,0,Cmd421,50,4,8256,0,0,0,0,0,1,152
2026-05-18 19:07:50,PLC,0,Cmd101,0,0,0,0,0,0,0,0,0,0
2026-05-18 19:07:51,PLC,0,Cmd314,0,0,0,0,0,0,0,0,0,0
2026-05-18 19:07:52,PLC,0,Cmd413,0,0,0,0,0,0,0,0,0,0
2026-05-18 19:11:51,PLC,0,Cmd405,10004,0,0,0,0,0,0,0,0,0
2026-05-18 19:12:16,PLC,0,Cmd101,0,0,0,0,0,0,0,0,0,0
2026-05-18 19:12:16,PLC,0,Cmd314,0,0,0,0,0,0,0,0,0,0
2026-05-18 19:15:32,PLC,0,Cmd421,50,4,8193,0,0,0,0,0,1,126
2026-05-18 19:15:36,PLC,0,Cmd413,0,0,0,0,0,0,0,0,0,0
2026-05-18 19:18:46,PLC,0,Cmd405,10004,0,0,0,0,0,0,0,0,0
2026-05-18 19:19:11,PLC,0,Cmd101,0,0,0,0,0,0,0,0,0,0
2026-05-18 19:19:12,PLC,0,Cmd314,0,0,0,0,0,0,0,0,0,0
2026-05-18 19:27:53,PLC,0,Cmd421,21,4,8194,0,0,0,0,0,1,84
2026-05-18 19:27:57,PLC,0,Cmd413,0,0,0,0,0,0,0,0,0,0
2026-05-18 19:32:16,PLC,0,Cmd405,10004,0,0,0,0,0,0,0,0,0
2026-05-18 19:32:41,PLC,0,Cmd101,0,0,0,0,0,0,0,0,0,0
2026-05-18 19:32:42,PLC,0,Cmd314,0,0,0,0,0,0,0,0,0,0
2026-05-18 19:55:25,PLC,0,Cmd421,50,4,40962,128,0,0,0,0,1,12
2026-05-18 19:55:29,PLC,0,Cmd413,0,0,0,0,0,0,0,0,0,0
2026-05-18 19:57:33,PLC,0,Cmd405,10004,0,0,0,0,0,0,0,0,0
2026-05-18 19:57:58,PLC,0,Cmd101,0,0,0,0,0,0,0,0,0,0
2026-05-18 19:57:58,PLC,0,Cmd314,0,0,0,0,0,0,0,0,0,0
2026-05-18 20:01:37,RPD,0,Cmd421,0,999,0,0,0,1,8,0,1,0
2026-05-18 20:01:56,PLC,0,Cmd101,0,0,0,0,0,0,0,0,0,0
2026-05-18 20:01:56,PLC,0,Cmd314,0,0,0,0,0,0,0,0,0,0
2026-05-18 20:05:45,PLC,0,Cmd421,39,10,24640,0,0,0,0,0,1,245
2026-05-18 20:06:15,PLC,0,Cmd101,0,0,0,0,0,0,0,0,0,0
2026-05-18 20:06:16,PLC,0,Cmd314,0,0,0,0,0,0,0,0,0,0
2026-05-18 20:06:17,PLC,0,Cmd413,0,0,0,0,0,0,0,0,0,0
2026-05-18 20:09:14,PLC,0,Cmd405,10004,0,0,0,0,0,0,0,0,0
2026-05-18 20:09:39,PLC,0,Cmd101,0,0,0,0,0,0,0,0,0,0
2026-05-18 20:09:39,PLC,0,Cmd314,0,0,0,0,0,0,0,0,0,0
2026-05-18 20:31:23,PLC,0,Cmd421,21,4,8194,0,0,0,0,0,1,37
2026-05-18 20:31:46,PLC,0,Cmd101,0,0,0,0,0,0,0,0,0,0
2026-05-18 20:31:46,PLC,0,Cmd203,0,0,0,0,0,0,0,0,0,0
2026-05-18 20:32:08,PLC,0,Cmd101,0,0,0,0,0,0,0,0,0,0
2026-05-18 20:32:09,PLC,0,Cmd314,0,0,0,0,0,0,0,0,0,0
2026-05-18 20:32:09,PLC,0,Cmd413,0,0,0,0,0,0,0,0,0,0
2026-05-18 20:36:29,PLC,0,Cmd405,10004,0,0,0,0,0,0,0,0,0
2026-05-18 20:36:54,PLC,0,Cmd101,0,0,0,0,0,0,0,0,0,0
2026-05-18 20:36:54,PLC,0,Cmd314,0,0,0,0,0,0,0,0,0,0
2026-05-18 20:43:56,PLC,0,Cmd421,21,4,12352,0,0,0,0,0,1,171
2026-05-18 20:44:00,PLC,0,Cmd413,0,0,0,0,0,0,0,0,0,0
2026-05-18 20:48:18,PLC,0,Cmd405,10004,0,0,0,0,0,0,0,0,0
2026-05-18 20:48:42,PLC,0,Cmd101,0,0,0,0,0,0,0,0,0,0
2026-05-18 20:48:43,PLC,0,Cmd314,0,0,0,0,0,0,0,0,0,0
2026-05-18 20:56:28,PLC,0,Cmd421,21,4,8194,0,0,0,0,0,1,202
2026-05-18 20:56:32,PLC,0,Cmd413,0,0,0,0,0,0,0,0,0,0
2026-05-18 21:00:51,PLC,0,Cmd405,10004,0,0,0,0,0,0,0,0,0
2026-05-18 21:01:16,PLC,0,Cmd101,0,0,0,0,0,0,0,0,0,0
2026-05-18 21:01:17,PLC,0,Cmd314,0,0,0,0,0,0,0,0,0,0
2026-05-18 21:21:57,PLC,0,Cmd421,21,4,8256,0,0,0,0,0,1,133
2026-05-18 21:22:01,PLC,0,Cmd413,0,0,0,0,0,0,0,0,0,0
2026-05-18 21:26:20,PLC,0,Cmd405,10004,0,0,0,0,0,0,0,0,0
2026-05-18 21:26:45,PLC,0,Cmd101,0,0,0,0,0,0,0,0,0,0
2026-05-18 21:26:46,PLC,0,Cmd314,0,0,0,0,0,0,0,0,0,0
2026-05-18 21:34:31,PLC,0,Cmd421,50,2,8194,0,0,0,0,0,1,145
2026-05-18 21:35:17,PLC,0,Cmd101,0,0,0,0,0,0,0,0,0,0
2026-05-18 21:35:18,PLC,0,Cmd314,0,0,0,0,0,0,0,0,0,0
2026-05-18 21:35:18,PLC,0,Cmd413,0,0,0,0,0,0,0,0,0,0
2026-05-18 21:39:18,PLC,0,Cmd405,10004,0,0,0,0,0,0,0,0,0
2026-05-18 21:39:43,PLC,0,Cmd101,0,0,0,0,0,0,0,0,0,0
2026-05-18 21:39:43,PLC,0,Cmd314,0,0,0,0,0,0,0,0,0,0
2026-05-18 22:08:15,RPD,0,Cmd421,0,999,0,0,0,1,5,0,1,0
2026-05-18 22:08:34,PLC,0,Cmd101,0,0,0,0,0,0,0,0,0,0
2026-05-18 22:08:34,PLC,0,Cmd314,0,0,0,0,0,0,0,0,0,0
2026-05-18 22:09:39,PLC,0,Cmd421,21,4,8194,0,0,0,0,0,1,103
2026-05-18 22:10:09,PLC,0,Cmd101,0,0,0,0,0,0,0,0,0,0
2026-05-18 22:10:10,PLC,0,Cmd314,0,0,0,0,0,0,0,0,0,0
2026-05-18 22:10:11,PLC,0,Cmd413,0,0,0,0,0,0,0,0,0,0
2026-05-18 22:12:29,PLC,0,Cmd102,0,0,0,0,0,0,0,0,0,0
2026-05-18 22:12:53,PLC,0,Cmd101,0,0,0,0,0,0,0,0,0,0
2026-05-18 22:12:54,PLC,0,Cmd107,0,0,0,0,0,0,0,0,0,0
2026-05-18 22:12:54,RPD,0,Cmd302,0,0,0,0,0,0,0,0,0,0
2026-05-18 22:14:55,PLC,0,Cmd405,10004,0,0,0,0,0,0,0,0,0
2026-05-18 22:15:20,PLC,0,Cmd101,0,0,0,0,0,0,0,0,0,0
2026-05-18 22:15:21,PLC,0,Cmd314,0,0,0,0,0,0,0,0,0,0
2026-05-18 22:15:53,PLC,0,Cmd421,21,10,8256,0,0,0,0,0,1,150
2026-05-18 22:16:38,PLC,0,Cmd101,0,0,0,0,0,0,0,0,0,0
2026-05-18 22:16:39,PLC,0,Cmd314,0,0,0,0,0,0,0,0,0,0
2026-05-18 22:16:40,PLC,0,Cmd413,0,0,0,0,0,0,0,0,0,0
2026-05-18 22:18:28,PLC,0,Cmd102,0,0,0,0,0,0,0,0,0,0
2026-05-18 22:18:51,PLC,0,Cmd101,0,0,0,0,0,0,0,0,0,0
2026-05-18 22:18:52,PLC,0,Cmd107,0,0,0,0,0,0,0,0,0,0
2026-05-18 22:18:52,RPD,0,Cmd302,0,0,0,0,0,0,0,0,0,0
2026-05-18 22:18:54,PLC,0,Cmd101,0,0,0,0,0,0,0,0,0,0
2026-05-18 22:34:42,PLC,0,Cmd421,50,4,8194,0,0,0,0,0,1,31
2026-05-18 22:35:27,PLC,0,Cmd101,0,0,0,0,0,0,0,0,0,0
2026-05-18 22:35:28,PLC,0,Cmd314,0,0,0,0,0,0,0,0,0,0
2026-05-18 22:35:29,PLC,0,Cmd413,0,0,0,0,0,0,0,0,0,0
2026-05-18 22:39:28,PLC,0,Cmd405,10004,0,0,0,0,0,0,0,0,0
2026-05-18 22:39:53,PLC,0,Cmd101,0,0,0,0,0,0,0,0,0,0
2026-05-18 22:39:53,PLC,0,Cmd314,0,0,0,0,0,0,0,0,0,0
2026-05-18 22:39:58,PLC,0,Cmd102,0,0,0,0,0,0,0,0,0,0
2026-05-18 22:39:59,PLC,0,Cmd2,0,0,0,0,0,0,0,0,0,0
2026-05-18 22:40:12,RA2,0,Cmd103,0,0,0,0,0,0,0,0,0,0
2026-05-18 22:40:14,RA2,0,Cmd421,0,999,0,0,0,1,8,0,1,0
2026-05-18 22:40:32,PLC,0,Cmd101,0,0,0,0,0,0,0,0,0,0
2026-05-18 22:40:44,PLC,0,Cmd1,0,0,0,0,0,0,0,0,0,0
2026-05-18 22:40:45,PLC,0,Cmd303,0,0,0,0,0,0,0,0,0,0
2026-05-18 22:40:46,PLC,0,Cmd101,0,0,0,0,0,0,0,0,0,0
2026-05-18 22:40:46,PLC,0,Cmd102,0,0,0,0,0,0,0,0,0,0
2026-05-18 22:40:47,PLC,0,Cmd302,0,0,0,0,0,0,0,0,0,0
2026-05-18 22:40:49,PLC,0,Cmd101,0,0,0,0,0,0,0,0,0,0
2026-05-18 22:40:50,PLC,0,Cmd107,0,0,0,0,0,0,0,0,0,0
2026-05-18 22:40:50,RPD,0,Cmd302,0,0,0,0,0,0,0,0,0,0
2026-05-18 22:41:03,PLC,0,Cmd405,10007,0,0,0,0,0,0,0,0,0
2026-05-18 22:44:14,PLC,0,Cmd102,0,0,0,0,0,0,0,0,0,0
2026-05-18 22:44:14,PLC,0,Cmd140,0,0,0,0,0,0,0,0,0,0
2026-05-18 22:44:31,PLC,0,Cmd101,0,0,0,0,0,0,0,0,0,0
2026-05-18 23:01:01,PLC,0,Cmd141,0,0,0,0,0,0,0,0,0,0
2026-05-18 23:01:02,PLC,0,Cmd106,0,0,0,0,0,0,0,0,0,0
2026-05-18 23:01:03,PLC,0,Cmd1,0,0,0,0,0,0,0,0,0,0
2026-05-18 23:01:03,PLC,0,Cmd101,0,0,0,0,0,0,0,0,0,0
2026-05-18 23:01:03,PLC,0,Cmd302,0,0,0,0,0,0,0,0,0,0
2026-05-18 23:01:06,PLC,0,Cmd107,0,0,0,0,0,0,0,0,0,0
2026-05-18 23:01:06,RPD,0,Cmd302,0,0,0,0,0,0,0,0,0,0
2026-05-18 23:01:07,PLC,0,Cmd107,0,0,0,0,0,0,0,0,0,0
2026-05-18 23:01:07,RPD,0,Cmd302,0,0,0,0,0,0,0,0,0,0
2026-05-18 23:01:26,PLC,0,Cmd405,10001,0,0,0,0,0,0,0,0,0
2026-05-18 23:01:34,PLC,0,Cmd101,0,0,0,0,0,0,0,0,0,0
2026-05-18 23:01:35,PLC,0,Cmd314,0,0,0,0,0,0,0,0,0,0
2026-05-18 23:01:40,PLC,0,Cmd405,10004,0,0,0,0,0,0,0,0,0
2026-05-18 23:02:05,PLC,0,Cmd101,0,0,0,0,0,0,0,0,0,0
2026-05-18 23:02:05,PLC,0,Cmd314,0,0,0,0,0,0,0,0,0,0
2026-05-18 23:02:18,PLC,0,Cmd303,0,0,0,0,0,0,0,0,0,0
2026-05-18 23:02:19,PLC,0,Cmd302,0,0,0,0,0,0,0,0,0,0
2026-05-18 23:02:20,PLC,0,Cmd101,0,0,0,0,0,0,0,0,0,0
2026-05-18 23:02:24,PLC,0,Cmd101,0,0,0,0,0,0,0,0,0,0
2026-05-18 23:02:28,PLC,0,Cmd107,1,0,0,0,0,0,0,0,0,0
2026-05-18 23:02:28,RPD,0,Cmd302,0,0,0,0,0,0,0,0,0,0
2026-05-18 23:02:30,PLC,0,Cmd107,1,0,0,0,0,0,0,0,0,0
2026-05-18 23:02:30,RPD,0,Cmd302,0,0,0,0,0,0,0,0,0,0
2026-05-18 23:02:33,PLC,0,Cmd107,1,0,0,0,0,0,0,0,0,0
2026-05-18 23:02:33,RPD,0,Cmd302,0,0,0,0,0,0,0,0,0,0
2026-05-18 23:04:35,PLC,0,Cmd101,0,0,0,0,0,0,0,0,0,0
2026-05-18 23:16:24,PLC,0,Cmd421,50,4,8194,0,0,0,0,0,1,139
2026-05-18 23:16:55,PLC,0,Cmd101,0,0,0,0,0,0,0,0,0,0
2026-05-18 23:16:56,PLC,0,Cmd314,0,0,0,0,0,0,0,0,0,0
2026-05-18 23:16:56,PLC,0,Cmd413,0,0,0,0,0,0,0,0,0,0
2026-05-18 23:20:55,PLC,0,Cmd405,10004,0,0,0,0,0,0,0,0,0
2026-05-18 23:21:20,PLC,0,Cmd101,0,0,0,0,0,0,0,0,0,0
2026-05-18 23:21:21,PLC,0,Cmd314,0,0,0,0,0,0,0,0,0,0
2026-05-18 23:22:40,PLC,0,Cmd421,50,4,8193,0,0,0,0,0,1,203
2026-05-18 23:22:44,PLC,0,Cmd413,0,0,0,0,0,0,0,0,0,0
2026-05-18 23:24:51,PLC,0,Cmd102,0,0,0,0,0,0,0,0,0,0
2026-05-18 23:25:10,PLC,0,Cmd101,0,0,0,0,0,0,0,0,0,0
2026-05-18 23:25:11,PLC,0,Cmd107,0,0,0,0,0,0,0,0,0,0
2026-05-18 23:25:11,RPD,0,Cmd302,0,0,0,0,0,0,0,0,0,0
2026-05-18 23:25:13,PLC,0,Cmd101,0,0,0,0,0,0,0,0,0,0
2026-05-18 23:26:07,PLC,0,Cmd102,0,0,0,0,0,0,0,0,0,0
2026-05-18 23:26:16,PLC,0,Cmd101,0,0,0,0,0,0,0,0,0,0
2026-05-18 23:26:17,PLC,0,Cmd107,0,0,0,0,0,0,0,0,0,0
2026-05-18 23:26:17,RPD,0,Cmd302,0,0,0,0,0,0,0,0,0,0
2026-05-18 23:26:21,PLC,0,Cmd101,0,0,0,0,0,0,0,0,0,0
2026-05-18 23:26:26,PLC,0,Cmd101,0,0,0,0,0,0,0,0,0,0
2026-05-18 23:26:34,PLC,0,Cmd405,10004,0,0,0,0,0,0,0,0,0
2026-05-18 23:26:59,PLC,0,Cmd101,0,0,0,0,0,0,0,0,0,0
2026-05-18 23:27:00,PLC,0,Cmd314,0,0,0,0,0,0,0,0,0,0
2026-05-18 23:28:57,PLC,0,Cmd421,21,4,8194,0,0,0,0,0,1,230
2026-05-18 23:29:01,PLC,0,Cmd413,0,0,0,0,0,0,0,0,0,0
2026-05-18 23:33:20,PLC,0,Cmd405,10004,0,0,0,0,0,0,0,0,0
2026-05-18 23:33:45,PLC,0,Cmd101,0,0,0,0,0,0,0,0,0,0
2026-05-18 23:33:46,PLC,0,Cmd314,0,0,0,0,0,0,0,0,0,0
2026-05-18 23:35:12,PLC,0,Cmd421,39,4,24640,0,0,0,0,0,1,60
2026-05-18 23:35:16,PLC,0,Cmd413,0,0,0,0,0,0,0,0,0,0
2026-05-18 23:38:13,PLC,0,Cmd405,10004,0,0,0,0,0,0,0,0,0
2026-05-18 23:38:38,PLC,0,Cmd101,0,0,0,0,0,0,0,0,0,0
2026-05-18 23:38:38,PLC,0,Cmd314,0,0,0,0,0,0,0,0,0,0
2026-05-18 23:47:44,PLC,0,Cmd421,21,4,8193,0,0,0,0,0,1,48
